,c0_c1,c1_c2,c2_c3,p1,p2,p3,p4
0,9.466598510742188,9.466590881347656,9.466606140136719,[-100.          -48.86999893],[-109.46659851  -48.86999893],[-118.93318939  -48.86999893],[-128.39979553  -48.86999893]
1,9.466598510742188,9.466590881347656,9.466606140136719,[-100.          -48.86999893],[-109.46659851  -48.86999893],[-118.93318939  -48.86999893],[-128.39979553  -48.86999893]
2,9.466598510742188,9.466590881347656,9.466606140136719,[-100.          -48.86999893],[-109.46659851  -48.86999893],[-118.93318939  -48.86999893],[-128.39979553  -48.86999893]
3,9.468544006347656,9.466590881347656,9.466598510742188,[-99.99635315 -48.86999893],[-109.46489716  -48.86999893],[-118.93148804  -48.86999893],[-128.39808655  -48.86999893]
4,9.487632751492452,9.466125490202828,9.466049194339012,[-99.95761871 -48.86987686],[-109.44525146  -48.86985397],[-118.91137695  -48.87004471],[-128.37742615  -48.87003708]
5,9.569084168886375,9.463394165058284,9.468910218281009,[-99.87469482 -48.87005615],[-109.44377899  -48.86989212],[-118.90717316  -48.86987305],[-128.37608337  -48.87001038]
6,9.666320800800067,9.461891174378692,9.472633362811868,[-99.76821899 -48.86988831],[-109.43453979  -48.86990738],[-118.89643097  -48.86987305],[-128.36906433  -48.87001038]
7,9.770240783960245,9.460517883430757,9.475364686683431,[-99.63518524 -48.86982346],[-109.40542603  -48.86989594],[-118.86594391  -48.86984634],[-128.34130859  -48.87002182]
8,9.900184631359416,9.46212005621463,9.481025696795362,[-99.46208954 -48.86988068],[-109.36227417  -48.86986542],[-118.82439423  -48.86983109],[-128.30541992  -48.86996841]
9,10.045509338397014,9.469100952520337,9.49269104103242,[-99.25876617 -48.86988068],[-109.30427551  -48.8698616 ],[-118.77337646  -48.86977768],[-128.2660675   -48.86991501]
10,10.190872197786836,9.4897461002395,9.501502995262902,[-99.02732086 -48.86972046],[-109.21819305  -48.87005234],[-118.70793915  -48.86970139],[-128.20944214  -48.86999512]
11,10.33016206751553,9.529319769506417,9.502471927687974,[-98.76364136 -48.86936951],[-109.09380341  -48.86999893],[-118.62312317  -48.86965179],[-128.12559509  -48.86992264]
12,10.462135347088873,9.591972351511142,9.496383672527852,[-98.46864319 -48.8689003 ],[-108.9307785   -48.86972046],[-118.52275085  -48.86962891],[-128.01913452  -48.86995316]
13,10.5901489970173,9.668495179367275,9.497863771296258,[-98.14409637 -48.86832809],[-108.7342453   -48.86955643],[-118.40274048  -48.8697052 ],[-127.90060425  -48.86988831]
14,10.710830850913473,9.755638122577238,9.518287661352348,[-97.78945923 -48.86771393],[-108.50028992  -48.86957932],[-118.25592804  -48.86959839],[-127.7742157   -48.86982346]
15,10.823280661995874,9.856857305137908,9.546745301574127,[-97.4056015  -48.86712646],[-108.22888184  -48.86978912],[-118.08573914  -48.86946487],[-127.63248444  -48.86962128]
16,10.928612351180593,9.969383274749482,9.58405304285774,[-96.99347687 -48.86654282],[-107.92208862  -48.87015152],[-117.89147186  -48.8693161 ],[-127.4755249   -48.86956787]
17,11.027909294370382,10.088859663895715,9.633125309889646,[-96.55281067 -48.86600113],[-107.58071899  -48.87062454],[-117.66957855  -48.86916351],[-127.30270386  -48.86946487]
18,11.120683195813971,10.215187295324327,9.693031317667794,[-96.08447266 -48.86549759],[-107.20515442  -48.87114334],[-117.42034149  -48.86901093],[-127.1133728   -48.86936951]
19,11.206666964280998,10.35157812824242,9.7604599085973,[-95.58874512 -48.86505127],[-106.79541016  -48.87162018],[-117.14698792  -48.86885452],[-126.90744781  -48.86926651]
20,11.280993040542459,10.49288995231961,9.838020335535154,[-95.07236481 -48.86467361],[-106.35335541  -48.8720932 ],[-116.84624481  -48.86870193],[-126.68426514  -48.86916351]
21,11.323939415938161,10.631745136402683,9.930595411105237,[-94.55651093 -48.86436462],[-105.88044739  -48.87254333],[-116.51219177  -48.86854553],[-126.44278717  -48.8690567 ]
22,11.358340823518205,10.766785637848182,10.034469620806856,[-94.02152252 -48.86413574],[-105.37985992  -48.87295151],[-116.14664459  -48.8683815 ],[-126.1811142  -48.8689537]
23,11.412570956133509,10.885316134465615,10.147682209461918,[-93.45198059 -48.86398315],[-104.86454773  -48.87331772],[-115.74986267  -48.86822128],[-125.89754486  -48.86885071]
24,11.49490766423097,10.973527412390881,10.268142723153801,[-92.85422516 -48.86391449],[-104.34912872  -48.87362289],[-115.32265472  -48.86805725],[-125.59079742  -48.8687439 ]
25,11.575840446975795,11.060960459037531,10.390335107495277,[-92.23236084 -48.86392975],[-103.80819702  -48.87386703],[-114.86915588  -48.86792374],[-125.25949097  -48.86863708]
26,11.643177533654255,11.163591228369855,10.513565090334497,[-91.58245087 -48.86403275],[-103.22562408  -48.87405777],[-114.38921356  -48.86780548],[-124.90277863  -48.86855698]
27,11.707142308212935,11.268655729067197,10.64062502901733,[-90.90353394 -48.86421585],[-102.610672    -48.87418747],[-113.87932587  -48.86771393],[-124.51995087  -48.86849976]
28,11.770603416320148,11.392702108940826,10.749267607691769,[-90.19754028 -48.86448288],[-101.96813965  -48.8742485 ],[-113.36083984  -48.86764526],[-124.11010742  -48.86844254]
29,11.828212673184568,11.542245855094023,10.839675930709339,[-89.4642334  -48.86480713],[-101.29244232  -48.87422562],[-112.83468628  -48.86760712],[-123.67436218  -48.86837769]
30,11.879565743083127,11.693292549124903,10.940223717856496,[-88.70302582 -48.86520386],[-100.5825882   -48.87414551],[-112.27587891  -48.86758804],[-123.2161026   -48.86831284]
31,11.927661001368762,11.830026440695994,11.060874960277898,[-87.91442108 -48.86565018],[-99.84207916 -48.87399673],[-111.67210388  -48.86761475],[-122.73297882  -48.86830139]
32,11.971323551694818,11.959077491096382,11.191658037505247,[-87.09934998 -48.86612701],[-99.07067108 -48.8737793 ],[-111.02974701  -48.86766434],[-122.22140503  -48.86828995]
33,12.009050442430173,12.08188003705206,11.354873669607041,[-86.25850677 -48.86661148],[-98.26755524 -48.87350845],[-110.3494339   -48.86774445],[-121.70430756  -48.86827469]
34,12.04150545310415,12.192315315940025,11.550994880948325,[-85.39253998 -48.86709976],[-97.43404388 -48.87320328],[-109.62635803  -48.86786652],[-121.17735291  -48.86829376]
35,12.068932734354531,12.290604606102534,11.763084416631282,[-84.50218201 -48.86759186],[-96.57111359 -48.8728714 ],[-108.86171722  -48.8679924 ],[-120.62480164  -48.86833572]
36,12.090714333224751,12.379402929850285,11.968872072085157,[-83.58824921 -48.86804581],[-95.67896271 -48.87253189],[-108.05836487  -48.86816788],[-120.02723694  -48.86837387]
37,12.10694179796659,12.45728360994744,12.162727356393132,[-82.65136719 -48.86846161],[-94.75830841 -48.87219238],[-107.21559143  -48.86835861],[-119.37831879  -48.86846161]
38,12.11792029281799,12.523346380973452,12.350982666017982,[-81.69223785 -48.86884689],[-93.81015778 -48.87184525],[-106.33350372  -48.86854935],[-118.68448639  -48.86855698]
39,12.123642187441947,12.578880611583065,12.534835815527785,[-80.71157837 -48.86919022],[-92.83522034 -48.87149811],[-105.41410065  -48.8687439 ],[-117.94893646  -48.86869431]
40,12.124160888125965,12.624145709803296,12.707695007741616,[-79.71005249 -48.86948013],[-91.83421326 -48.87119675],[-104.45835876  -48.86893845],[-117.16605377  -48.86883545]
41,12.11974340192131,12.658416869144643,12.859596253392516,[-78.6883316  -48.86973953],[-90.80807495 -48.87089157],[-103.4664917   -48.86914062],[-116.32608795  -48.86898422]
42,12.110595719680443,12.681739873063103,12.98732757731724,[-77.64707947 -48.86999512],[-89.75767517 -48.87062836],[-102.43941498  -48.86933517],[-115.42674255  -48.86912918]
43,12.09691619984259,12.695762662268182,13.10263824712167,[-76.58690643 -48.87021255],[-88.68382263 -48.87037659],[-101.37958527  -48.86953354],[-114.48222351  -48.86927795]
44,12.078941348082713,12.700859076755961,13.210845950790466,[-75.508461   -48.87041473],[-87.58740234 -48.87015152],[-100.28826141  -48.8697319 ],[-113.49910736  -48.86942673]
45,12.056945817611314,12.696708679384889,13.298995975094174,[-74.41234589 -48.8705864 ],[-86.46929169 -48.86994934],[-99.16600037 -48.86988068],[-112.46499634  -48.86957932]
46,12.031189003553704,12.684158327847758,13.36156463971555,[-73.29914093 -48.8707428 ],[-85.3303299  -48.86977768],[-98.01448822 -48.87003708],[-111.37605286  -48.8697319 ]
47,12.001953189823688,12.664398204619978,13.412338260483589,[-72.16946411 -48.87086868],[-84.17141724 -48.86962128],[-96.83581543 -48.87015533],[-110.24815369  -48.86984253]
48,11.969520659418416,12.637718223483215,13.453445438206819,[-71.02383423 -48.87097168],[-82.9933548  -48.86949921],[-95.631073   -48.87025833],[-109.08451843  -48.86994553]
49,11.934219474658327,12.604255712060352,13.481239322215986,[-69.86283875 -48.87105179],[-81.79705811 -48.86940002],[-94.40131378 -48.87034988],[-107.8825531   -48.87004852]
50,11.896476880134955,12.564605759268854,13.491981509300754,[-68.68698883 -48.87111282],[-80.58346558 -48.86932373],[-93.14807129 -48.87040329],[-106.6400528  -48.870121 ]
51,11.856521758026616,12.519355830137771,13.487304690454122,[-67.49681854 -48.87116623],[-79.35334015 -48.86927032],[-91.87269592 -48.8704567 ],[-105.36000061  -48.87017441]
52,11.814544842343633,12.468856877401691,13.46897888455909,[-66.29283905 -48.87118912],[-78.10738373 -48.86921692],[-90.57624054 -48.87049866],[-104.04521942  -48.87022781]
53,11.770767379702038,12.413620062078678,13.43630981627478,[-65.0756073  -48.87119675],[-76.84637451 -48.86920929],[-89.25999451 -48.87049866],[-102.69630432  -48.8702774 ]
54,11.725410629862802,12.354240485162519,13.389366151428792,[-63.84562683 -48.87119675],[-75.57103729 -48.86920929],[-87.92527771 -48.87050247],[-101.31464386  -48.87030029]
55,11.678722552003023,12.29116828172506,13.331092835892251,[-62.6033287  -48.87119675],[-74.28205109 -48.86920166],[-86.5732193  -48.87050247],[-99.90431213 -48.87030792]
56,11.63092821131724,12.22486884362181,13.262580873008961,[-61.34915924 -48.87120056],[-72.98008728 -48.86920166],[-85.20495605 -48.87050247],[-98.46753693 -48.87030792]
57,11.582218342654851,12.15583045290159,13.183975221162,[-60.08356857 -48.87120056],[-71.66578674 -48.86920166],[-83.82161713 -48.87050247],[-97.00559235 -48.87030792]
58,11.532818009206549,12.084487985874429,13.096672059607696,[-58.80695724 -48.87117004],[-70.33977509 -48.86919785],[-82.424263   -48.87050629],[-95.52093506 -48.87030792]
59,11.482944650117313,12.011222910207964,13.001953126513172,[-57.5197258  -48.87112808],[-69.00267029 -48.86920166],[-81.01389313 -48.87050629],[-94.01584625 -48.87030792]
60,11.432750854084144,11.936447209533862,12.90052795562663,[-56.22227097 -48.87111664],[-67.65502167 -48.86925125],[-79.59146881 -48.87050629],[-92.49199677 -48.87030792]
61,11.382400663057894,11.860557620948878,12.793350221264408,[-54.91496277 -48.87111664],[-66.29736328 -48.86926651],[-78.15792084 -48.87050629],[-90.95127106 -48.87030792]
62,11.332046653046593,11.783897465120411,12.681503297449845,[-53.59818268 -48.87107468],[-64.93022919 -48.86926651],[-76.71412659 -48.87050629],[-89.39562988 -48.87030792]
63,11.28185286221747,11.706741397449347,12.565872193830376,[-52.27226257 -48.87104797],[-63.5541153  -48.86927032],[-75.26085663 -48.87049866],[-87.82672882 -48.87030792]
64,11.231933726682763,11.629280145149723,12.447402954901792,[-50.93755341 -48.87104797],[-62.169487   -48.86931992],[-73.79876709 -48.87044907],[-86.24617004 -48.87030792]
65,11.182376994505296,11.55208211657936,12.326538086745577,[-49.5943985  -48.87104797],[-60.77677536 -48.86932373],[-72.32885742 -48.87044907],[-84.65539551 -48.87030792]
66,11.133331424776934,11.475460107667997,12.203788758140423,[-48.24309921 -48.87099838],[-59.37643051 -48.86932373],[-70.85189056 -48.87044907],[-83.05567932 -48.87030792]
67,11.08488476890397,11.399532373660515,12.080444336762039,[-46.88396835 -48.87099075],[-57.968853   -48.86932373],[-69.36838531 -48.87044907],[-81.44882965 -48.87030792]
68,11.037113315589092,11.324600275639371,11.957214356301785,[-45.51729965 -48.87099075],[-56.55441284 -48.86932373],[-67.87901306 -48.87044907],[-79.83622742 -48.87030792]
69,10.99008190612965,11.250904134680109,11.834465027697146,[-44.14338303 -48.87099075],[-55.13346481 -48.86937332],[-66.3843689  -48.87044907],[-78.21883392 -48.87030792]
70,10.943866840951998,11.178581288458416,11.71286010827229,[-42.76249313 -48.87094498],[-53.70635986 -48.86938477],[-64.8849411  -48.87044907],[-76.59780121 -48.87030792]
71,10.898529163323161,11.107788136925853,11.593009949589675,[-41.37490082 -48.87093735],[-52.27342987 -48.86938477],[-63.38121796 -48.87044907],[-74.97422791 -48.87030792]
72,10.85410701411756,11.038700151455197,11.475273132786445,[-39.98085785 -48.87093735],[-50.83496475 -48.86938477],[-61.87366486 -48.87041092],[-73.34893799 -48.87030792]
73,10.81063853922225,10.971420335362929,11.35996627847648,[-38.580616   -48.87093735],[-49.39125443 -48.86938477],[-60.36267471 -48.87040329],[-71.72264099 -48.87030792]
74,10.768158066555207,10.906059312697046,11.24717712442776,[-37.17440796 -48.87090683],[-47.94256592 -48.86938477],[-58.84862518 -48.87040329],[-70.09580231 -48.87030792]
75,10.726692303406816,10.842681930128455,11.137348175457136,[-35.76247025 -48.87090302],[-46.48916245 -48.86941147],[-57.33184433 -48.87040329],[-68.4691925  -48.87030792]
76,10.686260325889615,10.781360670794829,11.031257629806767,[-34.34502411 -48.87090302],[-45.03128433 -48.86942291],[-55.81264496 -48.87040329],[-66.84390259 -48.87030792]
77,10.646865941341453,10.7221680135702,10.929035187183668,[-32.92228317 -48.87085724],[-43.56914902 -48.86942291],[-54.29131699 -48.87040329],[-65.22035217 -48.87030792]
78,10.60850916016984,10.665107772110778,10.830734253349554,[-31.49445724 -48.87085342],[-42.10296631 -48.86942291],[-52.76807404 -48.87040329],[-63.59880829 -48.87030792]
79,10.571207138204983,10.610214275235377,10.736595154232143,[-30.06174278 -48.87085342],[-40.63294983 -48.86946106],[-51.24316406 -48.87040329],[-61.97975922 -48.87030792]
80,10.534944625810096,10.557495158893591,10.64678192181384,[-28.62433052 -48.87085342],[-39.15927505 -48.86946487],[-49.71677017 -48.87040329],[-60.36355209 -48.87030792]
81,10.499731155658008,10.506942787919934,10.561244964775975,[-27.18240166 -48.87085342],[-37.68213272 -48.86946487],[-48.18907547 -48.87036896],[-58.75032043 -48.87030792]
82,10.465536205170107,10.458549538259131,10.480052948154256,[-25.7361393  -48.87081909],[-36.20167542 -48.86946487],[-46.66022491 -48.87036514],[-57.14027786 -48.87030792]
83,10.43235787450171,10.41226581650754,10.403232574620255,[-24.28571701 -48.87080765],[-34.7180748  -48.86946487],[-45.13034058 -48.87036514],[-55.53357315 -48.87030792]
84,10.400178995984906,10.368091622337424,10.330741882482686,[-22.83129311 -48.87080765],[-33.23147202 -48.86946487],[-43.5995636  -48.87036514],[-53.93030548 -48.87030792]
85,10.368986213281044,10.325967825647643,10.262542724768895,[-21.3730278  -48.87080765],[-31.74201393 -48.86949158],[-42.06798172 -48.87036514],[-52.33052444 -48.87030792]
86,10.338754736244747,10.285848654325921,10.198585510414427,[-19.91106796 -48.87080002],[-30.24982262 -48.86949539],[-40.53567123 -48.87036514],[-50.73425674 -48.87030792]
87,10.309475021459924,10.247669256879913,10.138771057290375,[-18.44556808 -48.87075043],[-28.75504303 -48.86949539],[-39.00271225 -48.87036514],[-49.14148331 -48.87030792]
88,10.28111656219798,10.211383856620444,10.082984924478769,[-16.9766655  -48.87075043],[-27.25778198 -48.86949539],[-37.4691658  -48.87036514],[-47.55215073 -48.87030792]
89,10.253662182948752,10.176923786749764,10.031143188639764,[-15.50449181 -48.87075043],[-25.75815392 -48.86952209],[-35.93507767 -48.87036514],[-45.96622086 -48.87030792]
90,10.227089001987576,10.14422419880286,9.983104705828767,[-14.02917671 -48.87075043],[-24.25626564 -48.86952209],[-34.40048981 -48.870327  ],[-44.38359451 -48.87030792]
91,10.201373174231628,10.113216432177136,9.938724517833979,[-12.55085087 -48.87075043],[-22.75222397 -48.86952209],[-32.86544037 -48.870327  ],[-42.80416489 -48.87031174]
92,10.176494672520327,10.083829911884738,9.897884368908246,[-11.06962776 -48.87075043],[-21.24612236 -48.86952209],[-31.32995224 -48.870327  ],[-41.22783661 -48.87031174]
93,10.152426793972923,10.055994066026395,9.860397338878993,[ -9.58562374 -48.87075043],[-19.73805046 -48.86952209],[-29.79404449 -48.870327  ],[-39.65444183 -48.87031174]
94,10.129147592964237,10.029638319133648,9.826099395763801,[ -8.09895039 -48.87070084],[-18.22809792 -48.86956787],[-28.25773621 -48.870327  ],[-38.0838356  -48.87031174]
95,10.106633248567254,10.00469210586074,9.794855117809737,[ -6.60971165 -48.87069702],[-16.71634483 -48.8695755 ],[-26.72103691 -48.870327  ],[-36.51589203 -48.87031174]
96,10.084859909960226,9.981081036915432,9.76646614075899,[ -5.11801338 -48.87069702],[-15.20287323 -48.86957932],[-25.18395424 -48.870327  ],[-34.95042038 -48.87031174]
97,10.06380206592784,9.958740262442124,9.740758896089895,[ -3.62395167 -48.87069702],[-13.68775368 -48.86957932],[-23.64649391 -48.870327  ],[-33.38725281 -48.87026215]
98,10.043439212049774,9.937599210255739,9.71757507348478,[ -2.12762141 -48.87069702],[-12.17106056 -48.86957932],[-22.10865974 -48.870327  ],[-31.82623482 -48.87025833]
99,10.023750069467926,9.917589215805652,9.696756363158153,[ -0.62911254 -48.87069702],[-10.65286255 -48.86957932],[-20.57045174 -48.870327  ],[-30.2672081  -48.87025833]
100,10.00471037697931,9.89864447442339,9.67811965957118,[  0.87148678 -48.87067795],[ -9.13322353 -48.86957932],[-19.03186798 -48.87031174],[-28.70998764 -48.87025833]
101,9.98630005204016,9.880703476678706,9.6615161897228,[  2.37409306 -48.87067413],[ -7.61220694 -48.8695755 ],[-17.49291039 -48.87031174],[-27.15442657 -48.87025833]
102,9.968498528101543,9.86370232468741,9.646783828883182,[  3.87862563 -48.8706665 ],[ -6.08987284 -48.8695755 ],[-15.95357513 -48.87031174],[-25.60035896 -48.87025833]
103,9.95128398662457,9.847587612121952,9.633762359710527,[  5.38500738 -48.87062073],[ -4.56627655 -48.8695755 ],[-14.41386414 -48.87030029],[-24.0476265  -48.87025833]
104,9.934635694175055,9.832301166545744,9.622314453216495,[  6.8931613  -48.87062073],[ -3.04147434 -48.8695755 ],[-12.87377548 -48.87030029],[-22.49608994 -48.87025833]
105,9.918535764053473,9.81778767372013,9.612311363311806,[  8.40301704 -48.87062073],[ -1.51551867 -48.86957932],[-11.33330631 -48.87030029],[-20.94561768 -48.87025833]
106,9.90296597716397,9.803998587512863,9.603637695360987,[  9.91450691 -48.87062073],[ 1.15409847e-02 -4.88696289e+01],[ -9.79245758 -48.87028885],[-19.39609528 -48.87025833]
107,9.887910535010679,9.79088439781352,9.596114158678898,[ 11.42756557 -48.87062073],[  1.53965509 -48.86962891],[ -8.25122929 -48.87028885],[-17.84734344 -48.87025833]
108,9.873347331843613,9.77840187366705,9.58961248402683,[ 12.94212532 -48.87062073],[  3.06877804 -48.86963272],[ -6.70962381 -48.87028885],[-16.2992363  -48.87025833]
109,9.859260131749451,9.766507647110066,9.584034919909584,[ 14.45812607 -48.87062073],[  4.59886599 -48.86963272],[ -5.16764164 -48.87028122],[-14.75167656 -48.870224  ]
110,9.845634510022307,9.755162022211401,9.579269647792712,[ 15.97550964 -48.87062073],[  6.12987518 -48.86963272],[ -3.62528682 -48.87028122],[-13.20455647 -48.87022018]
111,9.83245186849166,9.744328281747864,9.575202226809767,[ 17.49421692 -48.87060547],[  7.6617651  -48.86963272],[ -2.08256316 -48.8702774 ],[-11.65776539 -48.87022018]
112,9.819697427119548,9.73397077948983,9.571747660639943,[ 19.01419258 -48.87059402],[  9.1944952  -48.86963272],[ -0.53947556 -48.87022781],[-10.11122322 -48.87022018]
113,9.807358788873083,9.724057811826489,9.56882131100005,[ 20.53538704 -48.87059402],[ 10.7280283  -48.86963272],[  1.0039705  -48.87022781],[ -8.56485081 -48.87022018]
114,9.795423553007398,9.714556950910819,9.566337347033683,[ 22.05774879 -48.87057114],[ 12.26232529 -48.86962891],[  2.54776835 -48.87022781],[ -7.01856899 -48.87022018]
115,9.783872649008817,9.70544483101882,9.56422519683914,[ 23.58122826 -48.87056351],[ 13.79735565 -48.86962891],[  4.09191084 -48.870224  ],[ -5.47231436 -48.87022018]
116,9.772686049328469,9.696693915507941,9.562418460846708,[ 25.10577011 -48.87056351],[ 15.33308411 -48.86962891],[  5.63639021 -48.870224  ],[ -3.92602825 -48.87022018]
117,9.761871382629932,9.688280123867305,9.560855627060697,[ 26.63134766 -48.87056351],[ 16.86947632 -48.86962891],[  7.18119621 -48.870224  ],[ -2.37965941 -48.87022018]
118,9.751407666627825,9.680178659638717,9.559486269951627,[ 28.15790558 -48.87056351],[ 18.40649796 -48.86964417],[  8.72631931 -48.870224  ],[ -0.83316696 -48.87022018]
119,9.7412777370107,9.672371881470701,9.558271944523618,[ 29.68540001 -48.87055588],[ 19.94412231 -48.86964798],[ 10.27175045 -48.870224  ],[  0.71347851 -48.87022018]
120,9.731477775277675,9.664844530104666,9.557149171866527,[ 31.21379662 -48.87050629],[ 21.48231888 -48.86964798],[ 11.81747437 -48.870224  ],[  2.26032519 -48.8701973 ]
121,9.721994436247059,9.657576577033462,9.556081533469316,[ 32.74305344 -48.87050629],[ 23.02105904 -48.86966705],[ 13.36348248 -48.870224  ],[  3.80740094 -48.8701973 ]
122,9.712816274660193,9.650554673053447,9.555042266883016,[ 34.27313232 -48.87050629],[ 24.56031609 -48.86966705],[ 14.90976143 -48.870224  ],[  5.35471916 -48.8701973 ]
123,9.703937566807625,9.643766419280581,9.553998470343712,[ 35.80400085 -48.87050629],[ 26.10006332 -48.86966705],[ 16.45629692 -48.870224  ],[  6.90229845 -48.8701973 ]
124,9.695346868597593,9.637203232646025,9.552927970923552,[ 37.33562851 -48.87050629],[ 27.64028168 -48.86966705],[ 18.00307846 -48.870224  ],[  8.45015049 -48.8701973 ]
125,9.687030828589712,9.630849854360743,9.55181217197336,[ 38.86797333 -48.87050629],[ 29.18094254 -48.86966705],[ 19.5500927 -48.870224 ],[  9.99828053 -48.8701973 ]
126,9.678981814791504,9.624691023918137,9.550639152564186,[ 40.40100098 -48.87050629],[ 30.7220192  -48.86969757],[ 21.09732819 -48.870224  ],[ 11.54668903 -48.8701973 ]
127,9.671199832396814,9.61872674475226,9.549392700232646,[ 41.9346962  -48.87050629],[ 32.2634964  -48.86969757],[ 22.64476967 -48.870224  ],[ 13.09537697 -48.8701973 ]
128,9.663661990626315,9.612939849008978,9.548069954165356,[ 43.4690094  -48.87050629],[ 33.80534744 -48.86969757],[ 24.19240761 -48.870224  ],[ 14.64433765 -48.87015533]
129,9.656364474782746,9.607336058734184,9.546653747805529,[ 45.00392151 -48.87050629],[ 35.34755707 -48.86969757],[ 25.74022102 -48.870224  ],[ 16.19356728 -48.87015533]
130,9.649314913941653,9.601896300441572,9.545148849734279,[ 46.53941345 -48.87050247],[ 36.89009857 -48.86969757],[ 27.28820229 -48.870224  ],[ 17.74305344 -48.87015533]
131,9.642494231242402,9.596614852295273,9.543554306305499,[ 48.07544708 -48.87045288],[ 38.43295288 -48.86969757],[ 28.83633804 -48.87022781],[ 19.29278374 -48.87015533]
132,9.635887175598624,9.591495528572622,9.541862488068242,[ 49.6119957  -48.87045288],[ 39.97610855 -48.86969757],[ 30.38461304 -48.87022781],[ 20.84275055 -48.87015533]
133,9.629497557698345,9.586521163345852,9.540077209747981,[ 51.14903259 -48.87045288],[ 41.51953506 -48.86969757],[ 31.93301392 -48.87022781],[ 22.39293671 -48.87015533]
134,9.623321562844309,9.581703200706741,9.53820991543651,[ 52.68655777 -48.87045288],[ 43.06323624 -48.86969757],[ 33.48153305 -48.87022781],[ 23.94332314 -48.87015533]
135,9.617347743458591,9.577030194138452,9.5362586977852,[ 54.22452927 -48.87045288],[ 44.60718155 -48.86974335],[ 35.03015137 -48.87022781],[ 25.49389267 -48.87015533]
136,9.611564662419653,9.57249833379269,9.53423118618858,[ 55.76292419 -48.87045288],[ 46.15135956 -48.86974335],[ 36.57886124 -48.87022781],[ 27.04463005 -48.87015533]
137,9.605976130380242,9.56810380216506,9.532135010041179,[ 57.30173111 -48.87045288],[ 47.695755   -48.86975098],[ 38.12765121 -48.87022781],[ 28.5955162  -48.87015533]
138,9.60057070436929,9.56384278532465,9.529983520783428,[ 58.84092712 -48.87045288],[ 49.24035645 -48.86975098],[ 39.67651367 -48.87022781],[ 30.14653015 -48.87015533]
139,9.595348383826613,9.559715282888376,9.52777099636943,[ 60.38049316 -48.87045288],[ 50.78514481 -48.86975098],[ 41.22542953 -48.87022781],[ 31.69765854 -48.87015533]
140,9.590297724660447,9.555706036067194,9.525516510285511,[ 61.92040253 -48.87045288],[ 52.33010483 -48.86975098],[ 42.7743988  -48.87022781],[ 33.24888229 -48.87015533]
141,9.585418724684677,9.55182648660598,9.523227691677896,[ 63.4606514  -48.87042236],[ 53.8752327  -48.86975098],[ 44.32340622 -48.87017822],[ 34.80017853 -48.87015533]
142,9.576885246655756,9.548076639197625,9.520896911648606,[ 64.99739075 -48.87041855],[ 55.42050552 -48.86975098],[ 45.87242889 -48.87017822],[ 36.35153198 -48.87015533]
143,9.546730064844485,9.543872842815116,9.518573761013846,[ 66.51210022 -48.87041855],[ 56.96537018 -48.86975098],[ 47.42149734 -48.87017822],[ 37.90292358 -48.87015533]
144,9.48586275542394,9.536388406787465,9.516151428250181,[ 67.99274445 -48.87041855],[ 58.50688171 -48.86975098],[ 48.97049332 -48.87017822],[ 39.45434189 -48.87015533]
145,9.394836449499193,9.521087656070424,9.513175964383002,[ 69.43486023 -48.87041855],[ 60.0400238  -48.86975098],[ 50.51893616 -48.87017822],[ 41.00576019 -48.87015533]
146,9.27680590170526,9.494781503753233,9.508563995388876,[ 70.8372345  -48.87041855],[ 61.56042862 -48.86975098],[ 52.06564713 -48.87017822],[ 42.55708313 -48.87015533]
147,9.135776544165896,9.455169687387254,9.5011062622346,[ 72.20011139 -48.87041855],[ 63.06433487 -48.86975098],[ 53.60916519 -48.87017822],[ 44.10805893 -48.87015533]
148,8.976516749026679,9.399810801075226,9.489757537869398,[ 73.52432251 -48.87041855],[ 64.54780579 -48.86974335],[ 55.147995   -48.87017822],[ 45.65823746 -48.87015533]
149,8.803581263685667,9.328449259404135,9.471813201931951,[ 74.81100464 -48.87041855],[ 66.0074234  -48.86974335],[ 56.67897415 -48.87017822],[ 47.20716095 -48.87015533]
150,8.620925929761611,9.241062174539051,9.445167541531639,[ 76.06130981 -48.87041855],[ 67.44038391 -48.86974335],[ 58.19932175 -48.87017822],[ 48.75415421 -48.87015533]
151,8.43228152117346,9.137451182223439,9.409385681180181,[ 77.27646637 -48.87041855],[ 68.84418488 -48.86974335],[ 59.7067337  -48.87017822],[ 50.29734802 -48.87015533]
152,8.240936306335817,9.018367777454397,9.363143920926413,[ 78.4576416  -48.87041855],[ 70.21670532 -48.86975098],[ 61.19833755 -48.87017822],[ 51.83519363 -48.87015533]
153,8.049758937872983,8.885063181295381,9.30489730837776,[ 79.60601044 -48.87041473],[ 71.55625153 -48.86975861],[ 62.67118835 -48.87017822],[ 53.36629105 -48.87015533]
154,7.861396814141185,8.73880005890263,9.234104156522507,[ 80.72285461 -48.8703804 ],[ 72.86145782 -48.86975861],[ 64.12265778 -48.87017822],[ 54.88855362 -48.87015533]
155,7.678413411036279,8.58119965397394,9.150348663358704,[ 81.80970764 -48.87036133],[ 74.13129425 -48.8698082 ],[ 65.5500946  -48.87017822],[ 56.39974594 -48.87015533]
156,7.502372761531086,8.414131172687032,9.052833557286435,[ 82.86743164 -48.8703537 ],[ 75.3650589 -48.8698082],[ 66.95092773 -48.87017822],[ 57.89809418 -48.87012482]
157,7.334220906234285,8.239578255378929,8.940315247175318,[ 83.89660645 -48.87034988],[ 76.56238556 -48.8698082 ],[ 68.32280731 -48.87017822],[ 59.38249207 -48.87007523]
158,7.174911520344538,8.059402474314675,8.813377380972925,[ 84.89793396 -48.87036133],[ 77.72302246 -48.8698082 ],[ 69.66362    -48.87017822],[ 60.85024261 -48.87007523]
159,7.024383566699873,7.876388558496423,8.675018311204436,[ 85.87214661 -48.87036133],[ 78.84776306 -48.8698082 ],[ 70.97137451 -48.87017822],[ 62.2963562  -48.87007141]
160,6.883041404061143,7.692535409290095,8.525913239194452,[ 86.81996155 -48.87036133],[ 79.93692017 -48.8698082 ],[ 72.24438477 -48.87017822],[ 63.71847153 -48.87007141]
161,6.752525351623979,7.508270272789752,8.36643219062322,[ 87.74209595 -48.8703537 ],[ 80.98957062 -48.8698082 ],[ 73.48130035 -48.87017822],[ 65.11486816 -48.87007141]
162,6.633216880340609,7.325187692451234,8.198127747277843,[ 88.63922882 -48.8703537 ],[ 82.00601196 -48.8698082 ],[ 74.68082428 -48.87017822],[ 66.48269653 -48.87007141]
163,6.525062583519601,7.145126352158187,8.022003174489328,[ 89.5120163  -48.87034988],[ 82.98695374 -48.8698082 ],[ 75.84182739 -48.87017441],[ 67.81982422 -48.87007141]
164,6.4282608260456895,6.968376169290759,7.839645386418771,[ 90.36109161 -48.87034988],[ 83.93283081 -48.8698082 ],[ 76.96445465 -48.87017441],[ 69.12480927 -48.87007141]
165,6.342872642434553,6.795745859476611,7.653701782919583,[ 91.1870575  -48.87034607],[ 84.84418488 -48.8698082 ],[ 78.04843903 -48.87017441],[ 70.39473724 -48.87007141]
166,6.268760704227609,6.629707346540138,7.464363098908742,[ 91.99050903 -48.87034607],[ 85.72174835 -48.8698082 ],[ 79.09204102 -48.87017441],[ 71.62767792 -48.8700676 ]
167,6.205711388387607,6.471237193196229,7.272712708303881,[ 92.77198792 -48.87034607],[ 86.56627655 -48.86980438],[ 80.09503937 -48.87017441],[ 72.82232666 -48.8700676 ]
168,6.153465294503712,6.320533763272689,7.080596924577239,[ 93.5320282  -48.87034225],[ 87.37856293 -48.86980438],[ 81.05802917 -48.87017441],[ 73.97743225 -48.87007141]
169,6.111701989000285,6.178039561862351,6.887611389541511,[ 94.27115631 -48.87034225],[ 88.15945435 -48.86980438],[ 81.98141479 -48.87017441],[ 75.09380341 -48.87010193]
170,6.080055260607853,6.044319164158284,6.695167541896222,[ 94.98986053 -48.87034225],[ 88.9098053  -48.86980438],[ 82.86548615 -48.87017441],[ 76.1703186  -48.87010193]
171,6.0581054919550725,5.919593822600052,6.506088257239655,[ 95.68862152 -48.87033463],[ 89.63051605 -48.86980438],[ 83.71092224 -48.87017441],[ 77.20483398 -48.87010193]
172,6.0453872913202975,5.804191601150304,6.321174621997558,[ 96.36789703 -48.87033463],[ 90.32250977 -48.86980438],[ 84.51831818 -48.87017441],[ 78.19714355 -48.87010193]
173,6.04138948860131,5.698341381891825,6.141204834458286,[ 97.02811432 -48.87033463],[ 90.98672485 -48.86980438],[ 85.28838348 -48.87017822],[ 79.14717865 -48.87010193]
174,6.045631431944358,5.602348340109756,5.96651458789013,[ 97.66972351 -48.87033463],[ 91.6240921  -48.86980438],[ 86.02174377 -48.87017822],[ 80.05522919 -48.87010193]
175,6.057632469495947,5.516365063936985,5.797599792982466,[ 98.29317474 -48.87033463],[ 92.2355423  -48.86980438],[ 86.71917725 -48.87017822],[ 80.92157745 -48.87010193]
176,6.076812765639905,5.440605176418065,5.6348419194618105,[ 98.89883423 -48.87031555],[ 92.82202148 -48.86980438],[ 87.38141632 -48.87017822],[ 81.7465744  -48.87010193]
177,6.10263063446443,5.375228894835997,5.478630066449194,[ 99.48711395 -48.87028885],[ 93.38448334 -48.86980438],[ 88.00925446 -48.87017822],[ 82.53062439 -48.87010193]
178,6.134559650780068,5.320289625220124,5.329475403378123,[100.05840302 -48.87028885],[ 93.92384338 -48.86980057],[ 88.60355377 -48.87017822],[ 83.27407837 -48.87010193]
179,6.172073383572115,5.275787367032406,5.187797546947724,[100.61307526 -48.87028885],[ 94.44100189 -48.86980057],[ 89.16521454 -48.87017822],[ 83.97741699 -48.87010193]
180,6.210006732468311,5.246253980878029,5.0540313726461665,[101.15148163 -48.87028122],[ 94.94147491 -48.86980057],[ 89.69522095 -48.87017822],[ 84.64118958 -48.87010193]
181,6.241363543898296,5.262306226930314,4.9043579107496775,[101.67398071 -48.87028122],[ 95.43261719 -48.86980057],[ 90.17031097 -48.87017822],[ 85.26595306 -48.87010193]
182,6.2745971863783945,5.341705337570224,4.774017335851366,[102.1809845  -48.87028122],[ 95.90638733 -48.86980057],[ 90.56468201 -48.87020493],[ 85.79066467 -48.87007141]
183,6.318885820927537,5.351905834766517,4.972595215758257,[102.68206024 -48.87027359],[ 96.36317444 -48.86980057],[ 91.01126862 -48.87015915],[ 86.0386734  -48.87006378]
184,6.377464314614721,5.362220775895921,5.177658081798071,[103.18026733 -48.87030792],[ 96.80280304 -48.86980057],[ 91.44058228 -48.87015533],[ 86.26292419 -48.8700676 ]
185,6.447944658463791,5.375396739972213,5.315345764763823,[103.67582703 -48.87027359],[ 97.22788239 -48.86980057],[ 91.85248566 -48.87015152],[ 86.53713989 -48.87007141]
186,6.52566529694074,5.39875794548676,5.414062500435423,[104.16564178 -48.870224  ],[ 97.6399765  -48.86980057],[ 92.24121857 -48.87014389],[ 86.82715607 -48.87007523]
187,6.6079788311609065,5.4324951280361535,5.494644165468101,[104.64791107 -48.87017059],[ 98.03993225 -48.86980057],[ 92.60743713 -48.87014389],[ 87.11279297 -48.87007523]
188,6.693412788431821,5.477066050799432,5.558769226498307,[105.12227631 -48.870121  ],[ 98.42886353 -48.86980057],[ 92.95179749 -48.87014389],[ 87.39302826 -48.87007523]
189,6.781082158577909,5.532524119539227,5.613044739189519,[105.58883667 -48.8700676 ],[ 98.80775452 -48.86980057],[ 93.27523041 -48.87014389],[ 87.66218567 -48.87007523]
190,6.8704605143247806,5.598594676054138,5.660263061939922,[106.04782104 -48.87003708],[ 99.17736053 -48.86980057],[ 93.57876587 -48.87014389],[ 87.91850281 -48.87007523]
191,6.960899357175985,5.675376902940878,5.701705933030644,[106.49945831 -48.87003326],[ 99.53855896 -48.86979294],[ 93.86318207 -48.87014389],[ 88.16147614 -48.87007523]
192,7.051910403074261,5.762832652287923,5.738845825606094,[106.94403839 -48.86998749],[ 99.89212799 -48.86979294],[ 94.12929535 -48.87014389],[ 88.39044952 -48.87007523]
193,7.142959597273111,5.860168467540112,5.773521423748158,[107.38172913 -48.86998367],[100.23876953 -48.86979294],[ 94.37860107 -48.87014389],[ 88.60507965 -48.87007523]
194,7.233650209934574,5.966682444403295,5.807060242105175,[107.81278229 -48.86997986],[100.57913208 -48.86979294],[ 94.61244965 -48.87014389],[ 88.8053894  -48.87007523]
195,7.323493959904947,6.081970224969368,5.8405532840950345,[108.23738861 -48.86997986],[100.91389465 -48.86979294],[ 94.83192444 -48.87014389],[ 88.99137115 -48.87007523]
196,7.412193300601496,6.205345163732893,5.901763916415066,[108.65577698 -48.86997604],[101.24358368 -48.86979294],[ 95.03823853 -48.87014389],[ 89.13647461 -48.87007523]
197,7.499427797645501,6.33621216792245,6.0904922488409845,[109.0681839  -48.86997604],[101.5687561  -48.86979294],[ 95.23254395 -48.87014389],[ 89.1420517  -48.87008286]
198,7.584854128186731,6.473915109610247,6.268920899051478,[109.4747467  -48.86997604],[101.88989258 -48.86979294],[ 95.41597748 -48.87014389],[ 89.14705658 -48.87005615]
199,7.668258668999935,6.617805490262791,6.440811157824156,[109.87567902 -48.86996841],[102.20742035 -48.86979294],[ 95.58961487 -48.87014389],[ 89.14880371 -48.87005615]
200,7.749382021029699,6.766822824042237,6.602096558200182,[110.27114105 -48.86996841],[102.52175903 -48.86979294],[ 95.75493622 -48.87014389],[ 89.15283966 -48.87005615]
201,7.828063966725929,6.9196090787241005,6.752090454490571,[110.66134644 -48.8699646 ],[102.83328247 -48.86979294],[ 95.9136734  -48.87014389],[ 89.16158295 -48.87007141]
202,7.904144288973437,7.07474518692738,6.882881165265387,[111.04642487 -48.8699646 ],[103.14228058 -48.86979294],[ 96.0675354  -48.87014389],[ 89.18465424 -48.87004471]
203,7.977462770484615,7.2310409632925685,7.00442505142504,[111.42655182 -48.8699646 ],[103.44908905 -48.86978912],[ 96.2180481  -48.87014389],[ 89.21362305 -48.86995316]
204,8.047981264037778,7.38730622189754,7.11791992762489,[111.80189514 -48.86996078],[103.75391388 -48.86978912],[ 96.36660767 -48.87014389],[ 89.24868774 -48.86985779]
205,8.115585328963933,7.542472847698854,7.226463321617579,[112.17258453 -48.86996078],[104.05699921 -48.86978912],[ 96.51452637 -48.87014389],[ 89.28806305 -48.86991119]
206,8.180213929867264,7.695457466673614,7.333312991392723,[112.53875732 -48.86995316],[104.3585434  -48.86978912],[ 96.66308594 -48.87014389],[ 89.32977295 -48.86993027]
207,8.241882325851053,7.84548188057974,7.43594361179752,[112.90057373 -48.86995316],[104.65869141 -48.86978912],[ 96.81320953 -48.87014389],[ 89.37726593 -48.86979294]
208,8.300590516682968,7.99172211463953,7.5343093984710725,[113.25816345 -48.86995316],[104.95757294 -48.86979294],[ 96.96585083 -48.87014389],[ 89.43154144 -48.8697319 ]
209,8.356307984862108,8.133438117923232,7.629371654190097,[113.61162567 -48.86994934],[105.25531769 -48.86979294],[ 97.12187958 -48.87014389],[ 89.49250793 -48.8697319 ]
210,8.409141541358842,8.269882208064306,7.722236650985094,[113.96114349 -48.86994934],[105.55200195 -48.86983109],[ 97.28211975 -48.87014389],[ 89.55988312 -48.86962128]
211,8.459053040377375,8.40067291842142,7.817489647258135,[114.3067627  -48.86994934],[105.84770966 -48.86983109],[ 97.44703674 -48.87014389],[ 89.62954712 -48.86954117]
212,8.506126404578435,8.525352483765937,7.917251618027741,[114.64864349 -48.86994553],[106.14251709 -48.86983109],[ 97.61716461 -48.87014389],[ 89.69991302 -48.86944199]
213,8.550453186801006,8.643424993453172,8.016418481146124,[114.98688507 -48.86994553],[106.43643188 -48.86983109],[ 97.7930069  -48.87014389],[ 89.77658844 -48.86952209]
214,8.592102051543387,8.75459290109614,8.115325938980948,[115.32160187 -48.86994553],[106.72949982 -48.86983109],[ 97.97490692 -48.87014389],[ 89.85958099 -48.86971664]
215,8.631164551490201,8.85859680728053,8.214553845132706,[115.65287781 -48.86994171],[107.02171326 -48.86983109],[ 98.16311646 -48.87014389],[ 89.94856262 -48.86969757]
216,8.667755127659085,8.95529938317423,8.313446048850663,[115.98083496 -48.86994171],[107.31307983 -48.86983109],[ 98.35778046 -48.87015152],[ 90.04433441 -48.86989594]
217,8.701965332272891,9.044639591572611,8.412506104831134,[116.30556488 -48.86994171],[107.60359955 -48.86987686],[ 98.55895996 -48.87015152],[ 90.14645386 -48.87000275]
218,8.733901977726504,9.126571659406267,8.510726928714357,[116.62714386 -48.86993408],[107.89324188 -48.86987686],[ 98.76667023 -48.87015152],[ 90.2559433  -48.87014389]
219,8.763679504581335,9.20121765546649,8.60700225945807,[116.94567871 -48.86993408],[108.18199921 -48.86987686],[ 98.98078156 -48.87015152],[ 90.3737793  -48.87029266]
220,8.791442871279964,9.268600467936688,8.70031738751661,[117.26125336 -48.86993408],[108.46981049 -48.86987686],[ 99.20121002 -48.87015152],[ 90.50089264 -48.87043762]
221,8.817222595400514,9.328956608047077,8.791854869343174,[117.57395172 -48.86993408],[108.75672913 -48.86987686],[ 99.42777252 -48.87015152],[ 90.63591766 -48.87059021]
222,8.841232299965988,9.38240814610998,8.882209797512369,[117.88386536 -48.86993027],[109.04263306 -48.86987686],[ 99.66022491 -48.87015152],[ 90.77801514 -48.8707428 ]
223,8.863563537834892,9.429222110933772,8.970184356699447,[118.19106293 -48.86994171],[109.32749939 -48.86987686],[ 99.89827728 -48.87015152],[ 90.92809296 -48.87089157]
224,8.884307861564807,9.469657901932315,9.055633588916846,[118.49562073 -48.86994171],[109.61131287 -48.86987686],[100.14165497 -48.87015152],[ 91.08602142 -48.87104416]
225,8.90357971220907,9.504051212464777,9.136665404900823,[118.79762268 -48.86994934],[109.89404297 -48.86987686],[100.38999176 -48.87015152],[ 91.25332642 -48.87120438]
226,8.921508789457228,9.532669071339582,9.212402429238768,[119.09713745 -48.86996078],[110.17562866 -48.86987686],[100.64295959 -48.87015152],[ 91.43055725 -48.87140656]
227,8.938163757718211,9.55593109525573,9.282997239229848,[119.39421844 -48.86996078],[110.45605469 -48.86987686],[100.9001236  -48.87015152],[ 91.61712646 -48.87156677]
228,8.953674316998653,9.57408905423262,9.348251482037966,[119.68894196 -48.86997986],[110.73526764 -48.86987686],[101.16117859 -48.87015152],[ 91.81292725 -48.87176514]
229,8.968116760889977,9.58756256496927,9.40776842254348,[119.98137665 -48.86998367],[111.01325989 -48.86987686],[101.42569733 -48.87015152],[ 92.01792908 -48.87195587]
230,8.981613160061881,9.596710209118424,9.461479390971988,[120.27159119 -48.87000275],[111.28997803 -48.86987686],[101.69326782 -48.87015533],[ 92.23178864 -48.8721199 ]
231,8.994209290485939,9.601860050536242,9.509414910233001,[120.55962372 -48.87000275],[111.56541443 -48.86987305],[101.96355438 -48.87015533],[ 92.45413971 -48.87228012]
232,9.006034852008149,9.603393558294645,9.551468167917408,[120.8455658  -48.87002182],[111.83953094 -48.86989212],[102.23613739 -48.87015533],[ 92.68466949 -48.87243652]
233,9.017143250557465,9.60166931513123,9.58768494218727,[121.12944794 -48.87002945],[112.11230469 -48.86989212],[102.51063538 -48.87015533],[ 92.92295074 -48.87259674]
234,9.027656556465322,9.597038272652503,9.618164414357425,[121.41138458 -48.87004471],[112.38372803 -48.86989212],[102.78668976 -48.87015533],[ 93.1685257  -48.87275696]
235,9.037590028208804,9.589843753612241,9.643021025389825,[121.6913681  -48.87004852],[112.65377808 -48.86989212],[103.06393433 -48.87015533],[ 93.4209137  -48.87291718]
236,9.046989442619742,9.580413821975172,9.66243788195511,[121.96944427 -48.8700676 ],[112.92245483 -48.86989212],[103.34204102 -48.87015533],[ 93.67960358 -48.87308121]
237,9.055938722477936,9.56906891231149,9.676582817650722,[122.24568176 -48.87007141],[113.18974304 -48.86989212],[103.62067413 -48.87015533],[ 93.9440918  -48.87320709]
238,9.064506532768435,9.556106571007808,9.685730499220815,[122.5201416  -48.87008286],[113.45563507 -48.86989212],[103.8995285  -48.87015533],[ 94.21379852 -48.87332535]
239,9.072731020152302,9.54183197384526,9.690048773116194,[122.7928772  -48.87008667],[113.72014618 -48.86989212],[104.17831421 -48.87015533],[ 94.48826599 -48.87343597]
240,9.080650332013654,9.526474002555073,9.689758896899765,[123.06391144 -48.87010193],[113.98326111 -48.86989212],[104.45678711 -48.87015152],[ 94.76702881 -48.87355042]
241,9.088310244120986,9.510330203732943,9.68533387678799,[123.33329773 -48.87010193],[114.24498749 -48.86989212],[104.73465729 -48.87015152],[ 95.04932404 -48.87363052]
242,9.095756533546272,9.493629458056454,9.677132318599764,[123.60108948 -48.87011719],[114.50533295 -48.86989212],[105.01170349 -48.87010956],[ 95.33457184 -48.87369919]
243,9.1030197171378,9.47657776128359,9.66547463030402,[123.86733246 -48.87011719],[114.76431274 -48.86989212],[105.28773499 -48.87010956],[ 95.62226105 -48.87376785]
244,9.110107424750208,9.459388735409217,9.650704142477029,[124.13204956 -48.870121  ],[115.02194214 -48.86989212],[105.56255341 -48.87010956],[ 95.91184998 -48.87381744]
245,9.117050173676486,9.44220733892939,9.633194690682904,[124.39527893 -48.87011719],[115.27822876 -48.86989212],[105.83602142 -48.87010956],[ 96.20282745 -48.87383652]
246,9.123863223481258,9.425163271551105,9.613312497439015,[124.65707397 -48.87013626],[115.53321075 -48.86989212],[106.10804749 -48.87010956],[ 96.49473572 -48.87385559]
247,9.130584720060885,9.4083709741923,9.591271184287214,[124.91748047 -48.87013626],[115.78689575 -48.86989212],[106.37852478 -48.87010956],[ 96.78725433 -48.87387085]
248,9.13723755208976,9.392120363845084,9.567459836819944,[125.1765213  -48.87013626],[116.03928375 -48.86989212],[106.64716339 -48.87010956],[ 97.07970428 -48.87384796]
249,9.14381409017335,9.376518252032866,9.542282823405213,[125.43423462 -48.87013626],[116.29042053 -48.86989212],[106.91390228 -48.87010956],[ 97.37162018 -48.87381363]
250,9.150337222495246,9.361633303218582,9.516007178794732,[125.69065857 -48.87013626],[116.54032135 -48.86989212],[107.17868805 -48.87010574],[ 97.66268158 -48.8737793 ]
251,9.156799319660916,9.347587587890212,9.488907558215425,[125.94582367 -48.87013626],[116.78902435 -48.86989212],[107.44143677 -48.87010574],[ 97.95252991 -48.87374496]
252,9.163223269853948,9.334457399905364,9.461189945205792,[126.1997757  -48.87013626],[117.03655243 -48.86989212],[107.70209503 -48.87010574],[ 98.24090576 -48.87368011]
253,9.169609073280645,9.322257997256992,9.433342639925907,[126.45252991 -48.87014389],[117.28292084 -48.86989212],[107.96066284 -48.8700676 ],[ 98.52732086 -48.87359619]
254,9.175949100133725,9.311058046087103,9.405640277820321,[126.70411682 -48.87014389],[117.52816772 -48.86989212],[108.21710968 -48.8700676 ],[ 98.81147003 -48.87350845]
255,9.182258609408695,9.300888063178755,9.378281241817916,[126.95458984 -48.87014389],[117.77233124 -48.86989212],[108.47144318 -48.8700676 ],[ 99.09316254 -48.87342834]
256,9.18851471292197,9.291748048531947,9.351532555194112,[127.20394135 -48.87014389],[118.01542664 -48.86989212],[108.72367859 -48.8700676 ],[ 99.37214661 -48.87334061]
257,9.19473266886437,9.283660889925855,9.32561547448632,[127.45223236 -48.87014389],[118.25749969 -48.86991501],[108.97383881 -48.8700676 ],[ 99.64822388 -48.87325668]
258,9.200904848851614,9.276603699863047,9.3007359818425,[127.69946289 -48.87014389],[118.49855804 -48.86992264],[109.22195435 -48.8700676 ],[ 99.92121887 -48.87314224]
259,9.207054140842025,9.270591736973158,9.27700089467673,[127.9457016  -48.87014389],[118.73864746 -48.86992264],[109.46805573 -48.8700676 ],[100.1910553  -48.87301254]
260,9.213165285859793,9.26560211295033,9.254593321389004,[128.19096375 -48.87014389],[118.97779846 -48.86992264],[109.71219635 -48.8700676 ],[100.45760345 -48.87287521]
261,9.219215395721331,9.261604310216445,9.233574299688977,[128.43525696 -48.87014389],[119.21604156 -48.86992264],[109.95443726 -48.8700676 ],[100.72086334 -48.87273788]
262,9.225166323453994,9.258552552404318,9.21414219280928,[128.67855835 -48.87014389],[119.45339203 -48.86992264],[110.19483948 -48.8700676 ],[100.98069763 -48.87259674]
263,9.231101992583614,9.256431580847513,9.196411443845777,[128.92098999 -48.87014389],[119.689888   -48.86991501],[110.43345642 -48.8700676 ],[101.23704529 -48.87245941]
264,9.236938478692448,9.255180359691735,9.180397309579345,[129.16249084 -48.87014389],[119.92555237 -48.86994553],[110.67037201 -48.8700676 ],[101.48997498 -48.87231827]
265,9.24271393027019,9.254791260570677,9.166145567453924,[129.40313721 -48.87014389],[120.16042328 -48.86994934],[110.90563202 -48.87007141],[101.73948669 -48.87218094]
266,9.248413087904312,9.255180359691735,9.153770658413341,[129.64294434 -48.87014008],[120.39453125 -48.86994934],[111.13935089 -48.87007141],[101.98558044 -48.87203979]
267,9.254005434683432,9.256317139476794,9.14321154732997,[129.88191223 -48.87016678],[120.6279068  -48.86994934],[111.37158966 -48.87007141],[102.2283783  -48.87189865]
268,9.259544375201955,9.258110047191481,9.13451401059468,[130.12008667 -48.87017059],[120.8605423  -48.86994934],[111.60243225 -48.87007141],[102.4679184  -48.87175751]
269,9.264976504106656,9.26055145344127,9.127624642468973,[130.35746765 -48.87017059],[121.09249115 -48.86994934],[111.8319397  -48.87007141],[102.70431519 -48.87161636]
270,9.270309450882479,9.26356506428085,9.122535813577963,[130.59408569 -48.87017059],[121.32377625 -48.86994934],[112.06021118 -48.87007141],[102.93767548 -48.87147522]
271,9.277732851759273,9.267074585764922,9.11921700583345,[130.83213806 -48.87017059],[121.55440521 -48.86994934],[112.28733063 -48.87007141],[103.16811371 -48.87133026]
272,9.305297854765227,9.271301270385878,9.11760718520773,[131.08996582 -48.87018967],[121.78466797 -48.86994553],[112.5133667  -48.87007141],[103.39575958 -48.87118912]
273,9.368911746969435,9.277923584838394,9.117645315562372,[131.38523865 -48.87021255],[122.0163269  -48.86994553],[112.73840332 -48.87007141],[103.62075806 -48.87104416]
274,9.45793152323509,9.291114807981712,9.119453468092813,[131.71177673 -48.87024307],[122.25384521 -48.86994553],[112.96273041 -48.87007141],[103.84327698 -48.87090302]
275,9.566383365981318,9.313964844238242,9.123657252114638,[132.06741333 -48.87025833],[122.50102997 -48.86997604],[113.18706512 -48.87007141],[104.0634079  -48.87075424]
276,9.696052555952804,9.347442627401477,9.131118790481361,[132.45606995 -48.87028122],[122.7600174  -48.86997986],[113.41257477 -48.87007141],[104.28145599 -48.8706131 ]
277,9.84173584400229,9.393249511849657,9.142791757501936,[132.87557983 -48.87028885],[123.03384399 -48.87000275],[113.64059448 -48.87005234],[104.49780273 -48.87046814]
278,9.998291020166702,9.453140258882195,9.15967560203683,[133.32406616 -48.87031174],[123.32577515 -48.87001038],[113.87263489 -48.87005234],[104.71295929 -48.87031937]
279,10.164245608876858,9.527381897010077,9.18302154667788,[133.8021698  -48.87031174],[123.63792419 -48.87004852],[114.1105423  -48.87002182],[104.92752075 -48.87017441]
280,10.336715701496995,9.616096496630457,9.214088439944565,[134.3092041  -48.87031174],[123.9724884  -48.87005234],[114.35639191 -48.87002182],[105.14230347 -48.87002945]
281,10.491477968722707,9.719444275448073,9.254043579448297,[134.82322693 -48.87031555],[124.33174896 -48.87009048],[114.61230469 -48.86998749],[105.35826111 -48.86990738]
282,10.627319338161916,9.834983826349417,9.303985598425356,[135.34288025 -48.87031555],[124.71556091 -48.87009811],[114.88057709 -48.86998367],[105.57659149 -48.86975861]
283,10.77085113744868,9.957527161755925,9.364776616055085,[135.89178467 -48.87031555],[125.12093353 -48.87009811],[115.16340637 -48.86994934],[105.79862976 -48.86965179]
284,10.923530579962096,10.088027956051814,9.436485300724417,[136.47401428 -48.87031555],[125.5504837  -48.87014389],[115.46245575 -48.86994553],[106.02597046 -48.86950684]
285,11.073860169729059,10.228172305344797,9.519287124787121,[137.08154297 -48.87031937],[126.0076828  -48.87015152],[115.7795105  -48.86989975],[106.26022339 -48.86935806]
286,11.224395753208093,10.375457766819858,9.613678003037045,[137.71669006 -48.87031937],[126.49229431 -48.87015152],[116.11683655 -48.86989594],[106.50315857 -48.86920929]
287,11.378578187217487,10.52805328778895,9.719795260062766,[138.38313293 -48.87031937],[127.00455475 -48.87015533],[116.47650146 -48.8698616 ],[106.75670624 -48.86906052]
288,11.556381226860887,10.662292484727613,9.837188765827694,[139.07878113 -48.870327  ],[127.5223999  -48.87015533],[116.86010742 -48.86985397],[107.0229187  -48.86891174]
289,11.749481202425873,10.784904484190914,9.964462340418514,[139.80273438 -48.870327  ],[128.05325317 -48.87015533],[117.26834869 -48.86985397],[107.30388641 -48.86875916]
290,11.934158326429904,10.921051030433338,10.099372937542237,[140.5559082  -48.87033081],[128.62174988 -48.87015915],[117.70069885 -48.86982727],[107.60132599 -48.86860657]
291,12.104232789303182,11.07650757344627,10.240860077430167,[141.33818054 -48.87033081],[129.23394775 -48.87015915],[118.15744019 -48.86982346],[107.9165802  -48.86845016]
292,12.26481628543498,11.241210942512362,10.390335188428066,[142.14878845 -48.87033463],[129.88397217 -48.87015915],[118.64276123 -48.86982346],[108.25242615 -48.86834335]
293,12.412277222814552,11.417434697544678,10.546234257831191,[142.98704529 -48.87033463],[130.57476807 -48.87016678],[119.15733337 -48.86982346],[108.61109924 -48.86818695]
294,12.542037964890529,11.632621770203096,10.683197171292237,[143.85205078 -48.870327  ],[131.31001282 -48.87016678],[119.67739105 -48.86982346],[108.99419403 -48.86803436]
295,12.656326294396024,11.866767888490376,10.818626569931993,[144.74284363 -48.8702774 ],[132.08651733 -48.87017059],[120.21974945 -48.86981964],[109.40112305 -48.86792374]
296,12.755905151723686,12.09384155782653,10.977813904080515,[145.65863037 -48.87026596],[132.90272522 -48.87017059],[120.80888367 -48.86981964],[109.83106995 -48.86781311]
297,12.839096069662359,12.313102727278764,11.1573717218657,[146.59857178 -48.87026596],[133.75947571 -48.87017441],[121.44637299 -48.86981964],[110.28900146 -48.86770248]
298,12.906478881980256,12.525566106098324,11.350418307952529,[147.56184387 -48.87022781],[134.65536499 -48.87016678],[122.12979889 -48.86981201],[110.7793808  -48.86759186]
299,12.959304809979606,12.723152164035135,11.566528548283767,[148.54763794 -48.87022018],[135.58833313 -48.87011719],[122.86518097 -48.86982346],[111.29865265 -48.86752701]
300,12.997665405777248,12.902847293648044,11.831230393910896,[149.55517578 -48.87022018],[136.55751038 -48.87010574],[123.65466309 -48.86980057],[111.82343292 -48.86746597]
301,13.02198791524077,13.067298892635186,12.127418752425509,[150.58374023 -48.87017822],[137.56175232 -48.87010574],[124.49445343 -48.86980438],[112.36703491 -48.8674202 ]
302,13.03335571336012,13.213989260434028,12.431007616089683,[151.63250732 -48.87017441],[138.59915161 -48.87006378],[125.38516235 -48.86980057],[112.95415497 -48.86740494]
303,13.03257751529382,13.340217592566052,12.7260820750665,[152.70079041 -48.87017441],[139.66821289 -48.87004471],[126.3279953  -48.86980057],[113.60191345 -48.86739731]
304,13.020263672344965,13.447502138587343,13.005966407154585,[153.78790283 -48.87015533],[140.76763916 -48.87004471],[127.32013702 -48.86979294],[114.31417084 -48.86739731]
305,12.997421265414804,13.535598756629287,13.266716201513951,[154.89317322 -48.87015152],[141.89575195 -48.87001038],[128.3601532  -48.86979294],[115.09343719 -48.86750031]
306,12.964965821210422,13.602310182223848,13.507629582673347,[156.01589966 -48.87015152],[143.05093384 -48.86999893],[129.44862366 -48.86979294],[115.94099426 -48.86753845]
307,12.924011230910127,13.650405885343353,13.726089646754597,[157.15548706 -48.87010193],[144.23147583 -48.86999512],[130.58106995 -48.86978912],[116.85498047 -48.86763382]
308,12.875610351915686,13.682144166532847,13.914764551178017,[158.31124878 -48.87009048],[145.43563843 -48.86999512],[131.75349426 -48.86979294],[117.83872986 -48.86777115]
309,12.820510864768584,13.696044922525775,14.077591073670165,[159.48265076 -48.87009048],[146.66213989 -48.86997604],[132.96609497 -48.86984253],[118.88850403 -48.86791992]
310,12.759475708628804,13.693115234821873,14.221542470933834,[160.6690979  -48.87009048],[147.90962219 -48.8699646 ],[134.21650696 -48.86985397],[119.9949646  -48.86806488]
311,12.693283081678917,13.675323486775579,14.341461275447283,[161.86999512 -48.87009048],[149.17671204 -48.8699646 ],[135.50138855 -48.86985397],[121.15992737 -48.86821365]
312,12.62268066469022,13.64271545438369,14.433433612166237,[163.08474731 -48.87009048],[150.46206665 -48.8699646 ],[136.8193512  -48.86987686],[122.38591766 -48.86836243]
313,12.548202515279884,13.595947265839062,14.496925420869081,[164.31277466 -48.87009048],[151.76457214 -48.8699646 ],[138.16862488 -48.86988831],[123.67169952 -48.86849594]
314,12.470672608220612,13.536407470840727,14.537674007373269,[165.55363464 -48.87009048],[153.08296204 -48.86994934],[139.54655457 -48.86988831],[125.00888062 -48.86859894]
315,12.390640259592958,13.465103149440539,14.556915335027318,[166.80677795 -48.87009048],[154.4161377  -48.86994934],[140.95103455 -48.86992264],[126.39411926 -48.86869431]
316,12.308624268387378,13.382965087910197,14.552925153668241,[168.07170105 -48.87009048],[155.76307678 -48.86994934],[142.38011169 -48.86992645],[127.82718658 -48.8687973 ]
317,12.225326538900704,13.291183471699394,14.527206458775252,[169.3480835  -48.87009048],[157.12275696 -48.86994934],[143.83157349 -48.86992645],[129.30436707 -48.86887741]
318,12.141281128750094,13.190948486347983,14.481628452194563,[170.63548279 -48.87009048],[158.49420166 -48.86994934],[145.30325317 -48.86992645],[130.82162476 -48.86893082]
319,12.05677795492772,13.08331298828125,14.416488680278855,[171.93334961 -48.87009048],[159.87657166 -48.86994934],[146.79325867 -48.86994934],[132.37677002 -48.86897659]
320,11.97232055776432,12.96942138674624,14.332824736515661,[173.24134827 -48.87009048],[161.26902771 -48.86992645],[148.29960632 -48.86995316],[133.96678162 -48.86903381]
321,11.888259888724132,12.850387573269932,14.232467679359686,[174.55905151 -48.87008286],[162.67079163 -48.86992645],[149.82040405 -48.86995316],[135.5879364  -48.86906052]
322,11.804962159239205,12.727264404343181,14.116683988183029,[175.88612366 -48.87008286],[164.0811615  -48.86992645],[151.35389709 -48.86996078],[137.23721313 -48.86906815]
323,11.722686768621477,12.60107421879677,13.986740140788976,[177.22216797 -48.87008286],[165.4994812  -48.86992645],[152.89840698 -48.86996078],[138.91166687 -48.86906815]
324,11.641754150991238,12.472702026600528,13.84439090017399,[178.56684875 -48.87004471],[166.9250946  -48.86992645],[154.45239258 -48.87000275],[140.60800171 -48.86907578]
325,11.562347412714113,12.343124389933744,13.691207914346029,[179.91984558 -48.87004471],[168.35749817 -48.86992645],[156.01437378 -48.87001038],[142.32316589 -48.86912537]
326,11.48460388244477,12.213150024729213,13.528396632476213,[181.28077698 -48.87004471],[169.7961731  -48.86992645],[157.58302307 -48.87001419],[144.05462646 -48.86917496]
327,11.408767700808191,12.083526611646656,13.356933617317313,[182.64936829 -48.87004471],[171.24060059 -48.86992645],[159.15707397 -48.87001419],[145.80014038 -48.86922073]
328,11.334945679327808,11.954971313798518,13.179489156734526,[184.02531433 -48.87004471],[172.69036865 -48.86992645],[160.73539734 -48.87001419],[147.5559082  -48.86927032]
329,11.263214111948924,11.828155517903534,12.997711202276635,[185.40830994 -48.87004471],[174.14509583 -48.86992645],[162.31694031 -48.87001419],[149.31922913 -48.86928177]
330,11.193679810194968,11.703613281578871,12.812530538294892,[186.7980957  -48.87004471],[175.60441589 -48.86992645],[163.90080261 -48.87001419],[151.08827209 -48.86928558]
331,11.126388550433122,11.581878662441703,12.625396749539457,[188.19439697 -48.87004471],[177.06800842 -48.86992645],[165.48612976 -48.87001419],[152.86073303 -48.86928558]
332,11.061340332663379,11.463378906585763,12.437835714700244,[189.59692383 -48.87004471],[178.5355835  -48.86992645],[167.07220459 -48.87001419],[154.6343689  -48.86928558]
333,10.998718262354478,11.348373413425103,12.250854513854087,[191.00552368 -48.87004471],[180.00680542 -48.86992645],[168.65843201 -48.87001419],[156.40757751 -48.86928558]
334,10.938323975248613,11.237274170264394,12.065490744886668,[192.4197998  -48.87004471],[181.48147583 -48.86992645],[170.24420166 -48.87001419],[158.17871094 -48.86928177]
335,10.880203247712965,11.130401611644517,11.88278200226075,[193.83963013 -48.87004471],[182.95942688 -48.86992645],[171.82902527 -48.87001038],[159.94624329 -48.86932373]
336,10.82435607978988,11.027893066755272,11.703659075163548,[195.26473999 -48.87004471],[184.44038391 -48.86992264],[173.41249084 -48.87001038],[161.70883179 -48.86936951]
337,10.770751953732976,10.929901123399027,11.52890016429671,[196.69499207 -48.87003708],[185.92424011 -48.86992264],[174.99433899 -48.87001038],[163.46543884 -48.86936951]
338,10.719375610962453,10.836517334339561,11.359252947551278,[198.13012695 -48.87003708],[187.41075134 -48.86992264],[176.57423401 -48.87001038],[165.21498108 -48.86937332]
339,10.670059204715276,10.747863769889365,11.195358294492483,[199.56991577 -48.87003708],[188.89985657 -48.86992264],[178.1519928  -48.87001038],[166.95663452 -48.86937332]
340,10.622833252569567,10.663925171259372,11.037658710011339,[201.01422119 -48.87003708],[190.39138794 -48.86992264],[179.72746277 -48.87001038],[168.68980408 -48.86936951]
341,10.577636719369076,10.584701538449574,10.886428851871356,[202.46284485 -48.87003708],[191.88520813 -48.86992264],[181.30050659 -48.87001038],[170.41407776 -48.86936951]
342,10.534347534801308,10.510147095159237,10.742370622807988,[203.91558838 -48.87003708],[193.38124084 -48.86992264],[182.87109375 -48.87001801],[172.12872314 -48.86940765]
343,10.492889404920952,10.440216064888698,10.605896010918162,[205.37228394 -48.87003708],[194.87939453 -48.86992264],[184.43917847 -48.87001801],[173.83328247 -48.86945724]
344,10.453338623673313,10.374679565868012,10.47709657103491,[206.83282471 -48.87003708],[196.37948608 -48.86992264],[186.00480652 -48.87001801],[175.52770996 -48.86948776]
345,10.415466309222465,10.313568116002637,10.356063857955476,[208.29701233 -48.87003708],[197.88154602 -48.86992264],[187.56797791 -48.87004852],[177.21191406 -48.86948776]
346,10.379272461568407,10.256668091592836,10.24296571338373,[209.76473999 -48.87003708],[199.38546753 -48.86992264],[189.12879944 -48.87004852],[178.88583374 -48.86949158]
347,10.344696045554892,10.203826905073399,10.137725845376853,[211.23583984 -48.87003708],[200.8911438  -48.86992264],[190.68731689 -48.87004852],[180.54959106 -48.86949158]
348,10.311645508447546,10.154861451023587,10.040374771518767,[212.71017456 -48.87003708],[202.39852905 -48.86992264],[192.2436676  -48.87005234],[182.20329285 -48.86949158]
349,10.280014038722937,10.109710694191348,9.950729385917654,[214.18759155 -48.87003708],[203.90757751 -48.86992264],[193.79786682 -48.87005234],[183.84713745 -48.86949158]
350,10.24972534252378,10.068115235311584,9.868621842103803,[215.66796875 -48.87003708],[205.41824341 -48.86991501],[195.35012817 -48.87005234],[185.48150635 -48.86949158]
351,10.220779419674276,10.029785157190164,9.794021622498592,[217.15122986 -48.87003708],[206.93045044 -48.86991501],[196.90066528 -48.87005234],[187.10664368 -48.86949158]
352,10.193115235105942,9.994628907193471,9.72660829253173,[218.63723755 -48.87003708],[208.44412231 -48.86991501],[198.44949341 -48.87005234],[188.72288513 -48.86949158]
353,10.16664123608441,9.962448121063707,9.666107194000093,[220.12590027 -48.87003708],[209.95925903 -48.86991501],[199.99681091 -48.87005234],[190.33070374 -48.86949158]
354,10.141235351821503,9.933044433981243,9.612274186278688,[221.61705017 -48.87003708],[211.47581482 -48.8699646 ],[201.54277039 -48.87005234],[191.93049622 -48.86949158]
355,10.116912842029892,9.906188965199242,9.564865128742573,[223.11064148 -48.87003708],[212.99372864 -48.86996841],[203.08753967 -48.87005234],[193.52267456 -48.86949158]
356,10.093612671082974,9.881744385060147,9.523544328258025,[224.60653687 -48.87003708],[214.51292419 -48.86997604],[204.63117981 -48.87005234],[195.1076355  -48.86948776]
357,10.071212768739635,9.859497070607686,9.487930314648963,[226.10464478 -48.87003708],[216.03343201 -48.86997604],[206.17393494 -48.87005234],[196.68600464 -48.86948776]
358,10.049743652529093,9.83927917510048,9.457519548101414,[227.60493469 -48.87003708],[217.55519104 -48.86997604],[207.71591187 -48.87005234],[198.25839233 -48.86948776]
359,10.029037475771663,9.820922851858844,9.432159438095919,[229.10717773 -48.87003708],[219.07814026 -48.86997604],[209.25721741 -48.87005234],[199.82505798 -48.86953354]
360,10.009155273623595,9.804229736624976,9.41142274316753,[230.61138916 -48.87003708],[220.60223389 -48.86997604],[210.79800415 -48.87005234],[201.38658142 -48.86954498]
361,9.990066528484185,9.789123535453557,9.394927992009745,[232.11753845 -48.87003326],[222.12747192 -48.86997604],[212.33834839 -48.87005234],[202.94342041 -48.8695488 ]
362,9.97172546403136,9.775344848930539,9.382461561363613,[233.62550354 -48.87003326],[223.65377808 -48.86997604],[213.87843323 -48.87005234],[204.49597168 -48.8695488 ]
363,9.954071045086339,9.76283264189967,9.373489393407796,[235.13519287 -48.87003326],[225.18112183 -48.86997604],[215.41828918 -48.87005234],[206.0447998 -48.8695488]
364,9.937026977703809,9.75141906768127,9.36781312388474,[236.64653015 -48.87003326],[226.70950317 -48.86997604],[216.95808411 -48.87005234],[207.590271  -48.8695488]
365,9.920639038250956,9.74105834990815,9.364898695178015,[238.15950012 -48.87003326],[228.23886108 -48.86997604],[218.49780273 -48.87005234],[209.13290405 -48.8695488 ]
366,9.904861450360594,9.731475830377194,9.364517225452003,[239.67399597 -48.87003326],[229.76913452 -48.86997604],[220.03765869 -48.87005234],[210.67314148 -48.8695488 ]
367,9.889617920087412,9.72273254424465,9.366271986191656,[241.18994141 -48.87003326],[231.30032349 -48.86997604],[221.57759094 -48.87005234],[212.21131897 -48.8695488 ]
368,9.874877929853284,9.714691162408961,9.369903577983283,[242.70727539 -48.87003326],[232.83239746 -48.86997604],[223.1177063  -48.87005234],[213.74780273 -48.8695488 ]
369,9.860656738447272,9.707229614557628,9.375152601618872,[244.22596741 -48.87003326],[234.36531067 -48.86997604],[224.65808105 -48.87005234],[215.28292847 -48.86954498]
370,9.846908569502192,9.700225830378157,9.381790174851346,[245.7459259  -48.87003326],[235.89901733 -48.86997604],[226.1987915  -48.87005234],[216.81700134 -48.86954498]
371,9.829711914229046,9.693695068690383,9.38951112231259,[247.26322937 -48.87003326],[237.43351746 -48.86997604],[227.73982239 -48.87005615],[218.35031128 -48.86954498]
372,9.790527343917212,9.686950683924989,9.39813233690311,[248.75872803 -48.87003326],[238.96820068 -48.86997604],[229.28125    -48.87005615],[219.88311768 -48.86956787]
373,9.719940186133746,9.676971435878455,9.40731812731931,[250.21990967 -48.87008286],[240.49996948 -48.86997604],[230.82299805 -48.87005615],[221.41567993 -48.86957932]
374,9.618591309186804,9.659072876308757,9.416488659534105,[251.64227295 -48.87008286],[242.02368164 -48.86997604],[232.36460876 -48.87005615],[222.94812012 -48.86957932]
375,9.489624024038614,9.630020141934759,9.42411805405558,[253.02450562 -48.87008286],[243.53488159 -48.86997604],[233.90486145 -48.87005615],[224.48074341 -48.86957932]
376,9.337280274048423,9.587509155608112,9.428771982861665,[254.36685181 -48.87008286],[245.02957153 -48.86997604],[235.44206238 -48.87005615],[226.01329041 -48.86961746]
377,9.166427612926997,9.52954101596171,9.428710947705483,[255.67016602 -48.87008286],[246.5037384  -48.86997604],[236.97419739 -48.87005615],[227.54548645 -48.86961746]
378,8.98170471254917,9.454574585300318,9.422592173298046,[256.93560791 -48.87008286],[247.9539032  -48.86997604],[238.49932861 -48.87005615],[229.07673645 -48.86961746]
379,8.787246704750725,9.361633301124,9.409210215304759,[258.16436768 -48.87008286],[249.37712097 -48.86997604],[240.01548767 -48.87005615],[230.60627747 -48.86961746]
380,8.586853028008061,9.252426147807732,9.385330210447966,[259.35772705 -48.87008286],[250.77087402 -48.86997604],[241.51844788 -48.87005615],[232.13311768 -48.86961746]
381,8.383926392435562,9.127700806085745,9.349380503456139,[260.51681519 -48.87008667],[252.13288879 -48.86996841],[243.00518799 -48.87005615],[233.6558075  -48.86961746]
382,8.181488038326853,8.988067627381357,9.300827036712992,[261.64291382 -48.87010956],[253.46142578 -48.86996841],[244.47335815 -48.87005615],[235.17253113 -48.86961746]
383,7.982482912002018,8.835144043404394,9.23864747012356,[262.73757935 -48.87014008],[254.75509644 -48.86996841],[245.91995239 -48.87005615],[236.68130493 -48.86964417]
384,7.789215089867195,8.67083740278765,9.162033090146823,[263.80212402 -48.87014389],[256.01290894 -48.86996841],[247.34207153 -48.87005615],[238.18003845 -48.86964798]
385,7.602874758064305,8.496856689906114,9.070968637113099,[264.83703613 -48.87015152],[257.23416138 -48.86996841],[248.73730469 -48.87005615],[239.66633606 -48.86964798]
386,7.424774171733815,8.315185547337887,8.965545663588271,[265.84317017 -48.87013245],[258.418396   -48.86996841],[250.10321045 -48.87005615],[241.13766479 -48.86964798]
387,7.255676271056502,8.127883911527588,8.845947275042016,[266.82110596 -48.87012482],[259.56542969 -48.86997604],[251.43754578 -48.87005615],[242.59159851 -48.86964798]
388,7.095428467719774,7.937927246225741,8.712875375070313,[267.77166748 -48.87012482],[260.67623901 -48.87001038],[252.73831177 -48.87005615],[244.0254364  -48.86966324]
389,6.945068360447787,7.746780395643061,8.56719971604127,[268.69564819 -48.87013245],[261.75057983 -48.87001038],[254.00379944 -48.87005615],[245.43659973 -48.86966324]
390,6.8061218268945405,7.554901123185558,8.409744271874025,[269.59365845 -48.87010956],[262.78753662 -48.87001038],[255.2326355  -48.87005615],[246.82289124 -48.86966324]
391,6.678741455759012,7.364318847798522,8.240859994718381,[270.46643066 -48.87010574],[263.78768921 -48.87001038],[256.42337036 -48.87005615],[248.18251038 -48.86966324]
392,6.562988281999437,7.176757812645991,8.063201913870074,[271.31466675 -48.87010956],[264.75167847 -48.87001038],[257.57492065 -48.87005615],[249.51171875 -48.86966324]
393,6.459045411039407,6.99215698257172,7.879913338765973,[272.13894653 -48.87011719],[265.67990112 -48.87001038],[258.68774414 -48.87005615],[250.80783081 -48.86968613]
394,6.366943360147513,6.81146240249757,7.692138680774929,[272.93991089 -48.87010956],[266.57296753 -48.87001038],[259.76150513 -48.87005615],[252.06936646 -48.86968613]
395,6.286560059501138,6.6361389161735085,7.501098641939095,[273.71817017 -48.87011719],[267.43161011 -48.87001038],[260.79547119 -48.87005615],[253.29437256 -48.86968613]
396,6.217681885384663,6.467803955240118,7.307662973235365,[274.47421265 -48.87009811],[268.25653076 -48.87001038],[261.78872681 -48.87005615],[254.48106384 -48.86968613]
397,6.160034179989876,6.307312011884865,7.113037117296372,[275.20861816 -48.87007141],[269.04858398 -48.87001038],[262.74127197 -48.87005615],[255.62823486 -48.86972046]
398,6.113220215148441,6.155151367357721,6.917663581817962,[275.921875   -48.87007141],[269.80865479 -48.87001038],[263.65350342 -48.87005615],[256.73583984 -48.8697319 ]
399,6.07702636735991,6.011657715018035,6.7233276445376156,[276.61459351 -48.87005615],[270.53756714 -48.87001038],[264.52590942 -48.87005615],[257.80258179 -48.8697319 ]
400,6.050872802793296,5.8771667482251475,6.531524666251597,[277.28710938 -48.87003708],[271.23623657 -48.87001038],[265.35906982 -48.87005615],[258.82754517 -48.8697319 ]
401,6.034423828184082,5.75192260760403,6.34359742039628,[277.94006348 -48.87003708],[271.90563965 -48.87001038],[266.15371704 -48.87005615],[259.81011963 -48.8697319 ]
402,6.026977539063707,5.636077881045273,6.159973153065183,[278.57369995 -48.87001419],[272.54672241 -48.87001038],[266.91064453 -48.87005615],[260.75067139 -48.8697319 ]
403,6.0281677246528265,5.530334472845703,5.980834969727041,[279.18859863 -48.86998749],[273.16043091 -48.87001038],[267.63009644 -48.87005615],[261.64926147 -48.8697319 ]
404,6.037414550824635,5.434814453317783,5.806365975850523,[279.78515625 -48.86998749],[273.7477417  -48.87001038],[268.31292725 -48.87005615],[262.50656128 -48.8697319 ]
405,6.05419921892306,5.34982299824272,5.636779794482283,[280.36376953 -48.8699646 ],[274.30957031 -48.87001038],[268.95974731 -48.87005615],[263.32296753 -48.8697319 ]
406,6.077880859547386,5.275512695511104,5.473266611167147,[280.92486572 -48.8699646 ],[274.84698486 -48.87001038],[269.57147217 -48.87005615],[264.09820557 -48.8697319 ]
407,6.108032226734035,5.211914062701028,5.316162119263486,[281.46887207 -48.8699646 ],[275.36083984 -48.87001038],[270.14892578 -48.87005615],[264.83276367 -48.8697319 ]
408,6.1368713380340845,5.1661682130934325,5.166198741128759,[281.99615479 -48.86996841],[275.85928345 -48.87001038],[270.69311523 -48.87005615],[265.5269165  -48.86972427]
409,6.162353515767866,5.1639404298903955,4.999572764921536,[282.5071106  -48.86996841],[276.34475708 -48.87001038],[271.18081665 -48.87005615],[266.1812439  -48.86972427]
410,6.197235109694865,5.2665710460837465,4.76330568122551,[283.00805664 -48.86984253],[276.81082153 -48.87001038],[271.54425049 -48.870121  ],[266.78094482 -48.86971664]
411,6.246795654353948,5.229309093807893,4.9390259561600445,[283.50765991 -48.87003708],[277.26086426 -48.87001038],[272.03155518 -48.87036133],[267.0925293  -48.86948776]
412,6.310241699513928,5.192565920559616,5.125640926490714,[284.00424194 -48.86994934],[277.69400024 -48.87001038],[272.50143433 -48.87017441],[267.37579346 -48.86940765]
413,6.381256104833705,5.152893066428843,5.25338749654596,[284.49349976 -48.86988068],[278.11224365 -48.87001038],[272.95935059 -48.86999512],[267.70596313 -48.86930466]
414,6.457489016377195,5.127471926213489,5.340057413825863,[284.97418213 -48.86982727],[278.51669312 -48.87001419],[273.38922119 -48.86985779],[268.04916382 -48.86919785]
415,6.538055424338827,5.117645270245998,5.405731237373112,[285.44619751 -48.86977386],[278.90814209 -48.87001419],[273.79049683 -48.86975479],[268.38476562 -48.86912918]
416,6.622039801436356,5.123260510864009,5.452514678863665,[285.90963745 -48.86972046],[279.28759766 -48.87001419],[274.16433716 -48.86965179],[268.71182251 -48.86907578]
417,6.7086181730438135,5.145233175344581,5.48641970335742,[286.36477661 -48.86966705],[279.65615845 -48.87001419],[274.51092529 -48.8695488 ],[269.02450562 -48.86901855]
418,6.797271737575687,5.182952907207762,5.51034548413041,[286.81188965 -48.86966324],[280.01461792 -48.87001419],[274.83166504 -48.86949158],[269.32131958 -48.86896515]
419,6.887481699806933,5.236145051214694,5.526428247729106,[287.25134277 -48.86963654],[280.36386108 -48.87001419],[275.12771606 -48.86943817],[269.60128784 -48.86891174]
420,6.978576670582384,5.304290808829226,5.536499048828777,[287.68328857 -48.86963272],[280.70471191 -48.87001419],[275.40042114 -48.86938477],[269.86392212 -48.86885452]
421,7.0699768169319706,5.386932415841442,5.542266871434252,[288.10797119 -48.86963272],[281.03799438 -48.87001419],[275.65106201 -48.86933517],[270.10879517 -48.86880112]
422,7.161315928333052,5.483215380947969,5.545379661188405,[288.52563477 -48.86962891],[281.36431885 -48.87001419],[275.88110352 -48.86928177],[270.33572388 -48.86878204]
423,7.252136241112598,5.592498834506996,5.54730226435676,[288.93649292 -48.86962128],[281.68435669 -48.87001419],[276.09185791 -48.86922836],[270.54455566 -48.86877823]
424,7.341979990982349,5.714019837020854,5.549255385549281,[289.34078979 -48.86962128],[281.99880981 -48.87001419],[276.28479004 -48.86917496],[270.73553467 -48.86877441]
425,7.430542002778485,5.855590881551119,5.597808851680062,[289.73873901 -48.86961746],[282.30819702 -48.87001419],[276.4526062  -48.86916733],[270.85479736 -48.86877441]
426,7.517547618092567,6.067260801289673,5.679840101480908,[290.1305542  -48.86961365],[282.61300659 -48.87001419],[276.54574585 -48.86916733],[270.86590576 -48.86877441]
427,7.602600108207565,6.340087947183884,5.706176773241235,[290.51638794 -48.86961365],[282.91378784 -48.87001419],[276.57369995 -48.86916733],[270.86752319 -48.86874771]
428,7.685516368059112,6.625579888106173,5.717712417741357,[290.89648438 -48.86960983],[283.21096802 -48.87001419],[276.58538818 -48.86916733],[270.86767578 -48.86874771]
429,7.766082774599749,6.918243459105692,5.718902603849913,[291.27099609 -48.8696022 ],[283.50491333 -48.87001419],[276.58666992 -48.86917496],[270.86776733 -48.86874771]
430,7.844146739334746,7.206878710973296,5.721252457358983,[291.6401062 -48.8696022],[283.79595947 -48.87001419],[276.58908081 -48.86917496],[270.86782837 -48.86874771]
431,7.919525157399884,7.4785767120715265,5.738006604732036,[292.00396729 -48.86959839],[284.08444214 -48.87001419],[276.60586548 -48.869133  ],[270.86785889 -48.86874771]
432,7.992126475660102,7.73165898489702,5.771148695015889,[292.36279297 -48.86959839],[284.3706665  -48.87001419],[276.63900757 -48.86914062],[270.86785889 -48.86874771]
433,8.061798106623652,7.969665573152253,5.817291274354334,[292.71664429 -48.86959457],[284.65484619 -48.87001419],[276.68518066 -48.8691597 ],[270.8678894  -48.86874771]
434,8.128509532712709,8.187744188043723,5.88159180949438,[293.06573486 -48.86958694],[284.93722534 -48.87001419],[276.7494812 -48.869133 ],[270.8678894  -48.86874771]
435,8.192169199432492,8.389190722543583,5.960906993437903,[293.41015625 -48.86960983],[285.21798706 -48.87001419],[276.82879639 -48.86911011],[270.8678894  -48.86874771]
436,8.252899179827807,8.576660203499364,6.052673350922363,[293.75012207 -48.86960983],[285.4972229  -48.87001419],[276.92056274 -48.86911392],[270.8678894  -48.86874771]
437,8.31060791873705,8.745636050624777,6.161590579615254,[294.08572388 -48.86963654],[285.77511597 -48.87001419],[277.02947998 -48.8689537 ],[270.8678894  -48.86874771]
438,8.365325935750228,8.900116010798676,6.283752452985251,[294.41708374 -48.86964798],[286.05175781 -48.87001419],[277.15164185 -48.86912918],[270.8678894  -48.86874771]
439,8.417083747550889,9.039550830754727,6.41983033026259,[294.74435425 -48.86966324],[286.32727051 -48.87001419],[277.28771973 -48.86906815],[270.8678894  -48.86874771]
440,8.465942389168907,9.162200966872165,6.571563734100102,[295.06759644 -48.86968613],[286.60165405 -48.87001419],[277.43945312 -48.86916733],[270.8678894  -48.86874771]
441,8.511932378517564,9.270050083441717,6.73706056294957,[295.38693237 -48.86970901],[286.875      -48.87001419],[277.60494995 -48.8692131 ],[270.8678894  -48.86874771]
442,8.555175785907197,9.36471561944513,6.914764413994273,[295.70254517 -48.8697319 ],[287.14736938 -48.87001419],[277.78265381 -48.86911392],[270.8678894  -48.86874771]
443,8.595794681648385,9.445373604947989,7.105621338874662,[296.01452637 -48.86975479],[287.41873169 -48.87001419],[277.97335815 -48.86886597],[270.86773682 -48.86874771]
444,8.633789065739457,9.512878547168555,7.308715826525527,[296.32293701 -48.86977768],[287.68914795 -48.87001419],[278.17626953 -48.86844635],[270.86755371 -48.86874771]
445,8.66934204355443,9.56832909249536,7.522888232122778,[296.62792969 -48.86980438],[287.95858765 -48.87001419],[278.39025879 -48.86789322],[270.86737061 -48.86874771]
446,8.70248413320792,9.612976478670802,7.7465516632016,[296.92953491 -48.86981201],[288.22705078 -48.87001419],[278.61407471 -48.86722565],[270.86752319 -48.86874771]
447,8.733398439112918,9.647797300071515,7.977447849145329,[297.22787476 -48.86984634],[288.49447632 -48.87001419],[278.84667969 -48.86642075],[270.86923218 -48.86874771]
448,8.762268067802108,9.673340907102851,8.20825258305837,[297.52307129 -48.86985779],[288.76080322 -48.87001419],[279.08746338 -48.86547852],[270.87921143 -48.86869431]
449,8.789062501072884,9.690309215505332,8.43377797665491,[297.81515503 -48.86987686],[289.02609253 -48.87001419],[279.33578491 -48.86444855],[270.90200806 -48.8687973 ]
450,8.813995362071076,9.700045024402408,8.649537881965584,[298.10424805 -48.86989975],[289.29025269 -48.87001419],[279.59020996 -48.86333466],[270.94067383 -48.86883545]
451,8.837127686192373,9.703341808160173,8.856508971130241,[298.39047241 -48.86990738],[289.55334473 -48.87001419],[279.8500061 -48.8621521],[270.99349976 -48.86896896]
452,8.858551025863722,9.700779434365913,9.053317797224308,[298.67382812 -48.86992645],[289.8152771  -48.87001801],[280.11450195 -48.86089706],[271.06118774 -48.86895752]
453,8.878479004234052,9.693120832854078,9.238866013976416,[298.95443726 -48.86994171],[290.07595825 -48.87001801],[280.38284302 -48.85960007],[271.14398193 -48.86914444]
454,8.896972656577121,9.681037403114502,9.411230365992461,[299.23236084 -48.86994171],[290.33538818 -48.87001801],[280.65435791 -48.85826874],[271.24313354 -48.86889648]
455,8.914154052833139,9.665170004954195,9.570899583218873,[299.50769043 -48.86997604],[290.59353638 -48.87001801],[280.92837524 -48.85692215],[271.35748291 -48.86870193]
456,8.930114746175226,9.646098464044643,9.719948976876836,[299.78045654 -48.86997986],[290.8503418  -48.87001801],[281.20425415 -48.85557175],[271.48431396 -48.86864471]
457,8.944976806692683,9.624402618344428,9.857768047691009,[300.05078125 -48.86998749],[291.10580444 -48.87001801],[281.48141479 -48.85421753],[271.62365723 -48.86859131]
458,8.958831787110187,9.600540235576828,9.97944346229658,[300.31869507 -48.87001419],[291.35986328 -48.87001801],[281.75933838 -48.8528595 ],[271.77990723 -48.86853409]
459,8.971771240235187,9.575060606423806,10.084212208996043,[300.58425903 -48.87001419],[291.61248779 -48.87001801],[282.03744507 -48.85151291],[271.95324707 -48.86844254]
460,8.98388671875,9.54836042478722,10.173905377569913,[300.8475647  -48.87001801],[291.86367798 -48.87001801],[282.31533813 -48.85019302],[272.14144897 -48.86835861]
461,8.995300293008384,9.520836400945774,10.248126174521072,[301.1086731  -48.87004471],[292.1133728  -48.87001801],[282.59255981 -48.84890366],[272.3444519 -48.8682518]
462,9.005981445352088,9.49285475225769,10.30717991684555,[301.36758423 -48.87004471],[292.36160278 -48.87001801],[282.86877441 -48.84763718],[272.56161499 -48.86819077]
463,9.016082763711418,9.464873204885164,10.35207350484293,[301.62445068 -48.87004471],[292.60836792 -48.87001801],[283.14352417 -48.84640503],[272.79147339 -48.8680954 ]
464,9.025665283242626,9.437044293540389,10.38356997987231,[301.87924194 -48.87004471],[292.85357666 -48.87001801],[283.41656494 -48.84522247],[273.03302002 -48.86803436]
465,9.034790039101962,9.409703733944045,10.402127072462463,[302.13204956 -48.87004471],[293.09725952 -48.87001801],[283.68759155 -48.84407425],[273.28549194 -48.86797714]
466,9.043518066445673,9.383065124769223,10.408538218062413,[302.38293457 -48.87004471],[293.3394165  -48.87001801],[283.95639038 -48.84296417],[273.54788208 -48.86791992]
467,9.051818847695637,9.357311579681667,10.404268262303816,[302.63186646 -48.87004471],[293.58004761 -48.87001801],[284.22277832 -48.84188461],[273.81854248 -48.86785889]
468,9.059875488332649,9.332687191258051,10.390842987632384,[302.87902832 -48.87004852],[293.81915283 -48.87001801],[284.48651123 -48.84084702],[274.09570312 -48.86777115]
469,9.067626953176354,9.309283471851158,10.370154505481233,[303.12438965 -48.87004852],[294.0567627  -48.87001801],[284.74752808 -48.83985901],[274.37741089 -48.8676796 ]
470,9.075195312551312,9.287222537602814,10.340829870916425,[303.36798096 -48.87004852],[294.29278564 -48.87001801],[285.00561523 -48.83890152],[274.66482544 -48.86769104]
471,9.082550048943482,9.266687508472168,10.30436446913479,[303.6098938  -48.87006378],[294.52734375 -48.87001801],[285.26071167 -48.83796692],[274.95639038 -48.86779785]
472,9.089660644646518,9.247678308093748,10.262253560458864,[303.85012817 -48.87006378],[294.76046753 -48.87001801],[285.5128479  -48.83707428],[275.25064087 -48.86797714]
473,9.096740722771427,9.23022549562415,10.214741398171945,[304.08877563 -48.87006378],[294.99203491 -48.87001801],[285.76187134 -48.83620834],[275.54718018 -48.86824417]
474,9.10363769542759,9.214512122991968,10.162835001035415,[304.3258667  -48.87006378],[295.222229   -48.87001801],[286.00778198 -48.83538055],[275.84500122 -48.86858368]
475,9.11044311534938,9.200446684490995,10.107541477963096,[304.56137085 -48.87006378],[295.45092773 -48.87001801],[286.25054932 -48.83457565],[276.14306641 -48.86898422]
476,9.117187500079805,9.188090191976798,10.049501690473157,[304.79541016 -48.87005615],[295.67822266 -48.87001801],[286.49020386 -48.83379745],[276.44076538 -48.86944199]
477,9.123931884996091,9.177351130874426,9.989539642343093,[305.02801514 -48.87008286],[295.90408325 -48.87001801],[286.72680664 -48.83303452],[276.73733521 -48.86994934]
478,9.130554199449048,9.168351455144508,9.928265658927899,[305.25918579 -48.87008286],[296.12863159 -48.87001801],[286.96035767 -48.83231354],[277.03216553 -48.87052155]
479,9.137176513902006,9.16096925949181,9.866076559081373,[305.48898315 -48.87008286],[296.35180664 -48.87001801],[287.19091797 -48.83159256],[277.32492065 -48.87113571]
480,9.14376831077684,9.15511286007568,9.803735190759673,[305.71746826 -48.87008286],[296.57369995 -48.87001801],[287.41867065 -48.8309021 ],[277.61502075 -48.87179565]
481,9.15032959007355,9.150843316086306,9.742126435832906,[305.9446106  -48.87008286],[296.79428101 -48.87001801],[287.64352417 -48.83023453],[277.90148926 -48.87246323]
482,9.156829834214012,9.148038669840142,9.68183039307438,[306.17047119 -48.87008286],[297.01364136 -48.87001801],[287.86569214 -48.82956314],[278.18395996 -48.87317276]
483,9.16329956077635,9.146668317781543,9.623121618293863,[306.39508057 -48.87008286],[297.23178101 -48.87001801],[288.08520508 -48.82890701],[278.46218872 -48.87391663]
484,9.169738769760563,9.146640616404024,9.566549229254349,[306.61849976 -48.87008286],[297.44876099 -48.87001801],[288.30221558 -48.82828522],[278.73577881 -48.87467194]
485,9.176177978744779,9.147864129283901,9.51238815602894,[306.84072876 -48.87008286],[297.66455078 -48.87001801],[288.51678467 -48.82767105],[279.0045166  -48.87546921]
486,9.18252563499462,9.150277890892081,9.461096093551221,[307.0617981  -48.87008286],[297.87927246 -48.87001801],[288.72909546 -48.82704926],[279.26812744 -48.87627792]
487,9.188903808796455,9.153790295417348,9.412734144968287,[307.2817688  -48.87008286],[298.09286499 -48.87002182],[288.93917847 -48.82643509],[279.52658081 -48.87712479]
488,9.195159912311944,9.158370786997176,9.367576870984529,[307.50061035 -48.87008286],[298.30545044 -48.87002182],[289.14718628 -48.82582855],[279.77975464 -48.87799072]
489,9.20141601582743,9.163866664497746,9.325776814268949,[307.71841431 -48.87008286],[298.51699829 -48.87002182],[289.35324097 -48.82525635],[280.02761841 -48.87889481]
490,9.207611084186668,9.170094968517455,9.287486646456719,[307.93515015 -48.87008286],[298.72753906 -48.87002182],[289.55755615 -48.82468796],[280.27023315 -48.87982178]
491,9.21374511738966,9.177116751159748,9.252706323962332,[308.15087891 -48.87008286],[298.93713379 -48.87002182],[289.76013184 -48.82411957],[280.50759888 -48.88076019]
492,9.219818115436402,9.184809923615289,9.221557960971285,[308.3656311  -48.87008286],[299.14581299 -48.87002182],[289.96112061 -48.82355499],[280.73974609 -48.8817215 ]
493,9.225830078326895,9.193052474407326,9.194011140945605,[308.57937622 -48.87008286],[299.35354614 -48.87002182],[290.16061401 -48.82298279],[280.96679688 -48.8827095 ]
494,9.231781006061139,9.201844364812024,9.17006577117667,[308.79223633 -48.87008286],[299.56045532 -48.87002182],[290.35873413 -48.82241058],[281.18887329 -48.88371658]
495,9.237640381061011,9.211063425860223,9.149630143689292,[309.00415039 -48.87008286],[299.76651001 -48.87002182],[290.55557251 -48.82185745],[281.40615845 -48.88473892]
496,9.243438720904635,9.220587504776608,9.132673728319308,[309.21517944 -48.87008286],[299.97174072 -48.87002182],[290.75128174 -48.82133865],[281.61883545 -48.88579178]
497,9.249145508013886,9.230416799279865,9.119105126657207,[309.425354   -48.87008286],[300.1762085  -48.87002182],[290.94592285 -48.82081604],[281.82705688 -48.88685989]
498,9.254791259966888,9.240429220554649,9.108710691752727,[309.63467407 -48.87008286],[300.37988281 -48.87002182],[291.1395874  -48.82029343],[282.03112793 -48.88794327]
499,9.260284424029269,9.250563775566,9.101459961603956,[309.84313965 -48.87008286],[300.58285522 -48.87002182],[291.33242798 -48.81976318],[282.23123169 -48.8890419 ]
500,9.265686035357277,9.26078988542453,9.097078316428883,[310.05078125 -48.87008286],[300.78509521 -48.87002182],[291.52444458 -48.81923676],[282.42764282 -48.89017105]
501,9.273010254107117,9.271046536283258,9.095474057166042,[310.25970459 -48.87008286],[300.98669434 -48.87002182],[291.71578979 -48.81871033],[282.62060547 -48.89130783]
502,9.300354004159725,9.281486079283393,9.096402856756095,[310.4881897  -48.87009048],[301.18783569 -48.87002182],[291.90649414 -48.81822586],[282.81039429 -48.89247131]
503,9.364532471188731,9.293787184661326,9.099803885460627,[310.75482178 -48.87011719],[301.39028931 -48.87002182],[292.09664917 -48.81774139],[282.99716187 -48.89364624]
504,9.455200196100488,9.312039119119754,9.105585588724715,[311.05361938 -48.87014389],[301.59841919 -48.87002182],[292.28652954 -48.81726074],[283.18127441 -48.89483643]
505,9.565399171138921,9.339659834707962,9.114144708076246,[311.38171387 -48.87017441],[301.8163147  -48.87002182],[292.47680664 -48.81677628],[283.36300659 -48.89603806]
506,9.697174074067137,9.377808953192508,9.126183114793738,[311.74334717 -48.87020874],[302.0461731  -48.87002182],[292.66851807 -48.81629181],[283.54269409 -48.89725494]
507,9.846069337935678,9.428470101058267,9.142219680858862,[312.13708496 -48.87022018],[302.29101562 -48.87002182],[292.86270142 -48.81580353],[283.72085571 -48.89849472]
508,10.006408694111899,9.492833439732602,9.163841211603751,[312.56045532 -48.87025452],[302.55404663 -48.87002182],[293.06137085 -48.81531143],[283.8979187  -48.89975357]
509,10.176696780092067,9.570746446954686,9.192360103691973,[313.0138855  -48.87025833],[302.83718872 -48.87002182],[293.26660156 -48.81480408],[284.074646   -48.90104294]
510,10.353546145279497,9.663216184884728,9.228722347389557,[313.49685669 -48.87025833],[303.14331055 -48.87002182],[293.48025513 -48.81428146],[284.25195312 -48.90236282]
511,10.53320312858092,9.770486614587753,9.274087243326587,[314.00802612 -48.87029648],[303.474823   -48.87002182],[293.70449829 -48.81377411],[284.43084717 -48.90371323]
512,10.690368655774698,9.891611928971578,9.329645484181514,[314.52362061 -48.87030029],[303.83325195 -48.87002945],[293.94180298 -48.8132515 ],[284.61260986 -48.90512466]
513,10.829895022917995,10.023784254209591,9.396342710506778,[315.04806519 -48.87030029],[304.21817017 -48.87002945],[294.19454956 -48.81275177],[284.79867554 -48.90660095]
514,10.977416995719622,10.162456378155571,9.474605727849479,[315.60455322 -48.87030792],[304.62713623 -48.87002945],[294.46484375 -48.81231308],[284.99072266 -48.90814209]
515,11.13180542340501,10.30817738180659,9.564586913713283,[316.19439697 -48.87030792],[305.06259155 -48.87002945],[294.75457764 -48.81197739],[285.19049072 -48.90977478]
516,11.281097415546414,10.46235071030834,9.666194043916882,[316.80877686 -48.87030792],[305.52767944 -48.87002945],[295.06549072 -48.81180954],[285.39981079 -48.91150284]
517,11.428741458564348,10.622107502839858,9.779792741586856,[317.45068359 -48.87031174],[306.02194214 -48.87002945],[295.3999939  -48.81186295],[285.62072754 -48.91333008]
518,11.585021976477298,10.779085451321075,9.90507657023495,[318.12393188 -48.87031174],[306.53890991 -48.87001419],[295.75997925 -48.81224823],[285.85543823 -48.91524887]
519,11.76736450581204,10.912959996431885,10.040488399090043,[318.82617188 -48.87031555],[307.05880737 -48.87001419],[296.14599609 -48.81304169],[286.10604858 -48.91725922]
520,11.949127201562103,11.0511658873961,10.182213167113042,[319.55651855 -48.87031555],[307.60739136 -48.86999512],[296.55636597 -48.81427002],[286.37469482 -48.9193306 ]
521,12.110382084730746,11.213234351339532,10.329914420681392,[320.31607056 -48.87031937],[308.20568848 -48.86998367],[296.99258423 -48.81596756],[286.66320801 -48.92141342]
522,12.259826664857203,11.385585381195515,10.486490314556324,[321.10455322 -48.87031937],[308.84472656 -48.86997986],[297.45925903 -48.81817627],[286.97329712 -48.92344666]
523,12.403625492927702,11.558484005788268,10.652367342332276,[321.92120361 -48.87028122],[309.51757812 -48.86994171],[297.959198   -48.82093811],[287.30734253 -48.92536545]
524,12.533142094237837,11.752500143263175,10.81207455381193,[322.76504517 -48.87026596],[310.23190308 -48.86993408],[298.47949219 -48.82413101],[287.66790771 -48.92707443]
525,12.644714359626123,11.984632651528681,10.950994995881945,[323.63519287 -48.87025452],[310.99047852 -48.86993027],[299.00592041 -48.82765961],[288.0553894 -48.9284668]
526,12.743133547881788,12.221434225002412,11.099124077283156,[324.53088379 -48.87020493],[311.78775024 -48.86993027],[299.56637573 -48.83172607],[288.46768188 -48.92945099]
527,12.827880862075434,12.439558696686753,11.27690621537291,[325.45126343 -48.87019348],[312.62338257 -48.86993027],[300.18386841 -48.83664322],[288.90734863 -48.93000031]
528,12.896484377686068,12.633331212664455,11.486023178491404,[326.39541626 -48.87019348],[313.49893188 -48.86993027],[300.8656311  -48.84220123],[289.37994385 -48.93004608]
529,12.950592043038192,12.815143296440514,11.70710161425504,[327.3626709  -48.87015915],[314.41207886 -48.86993027],[301.59695435 -48.84798813],[289.89013672 -48.9295311 ]
530,12.991455080009032,12.988626679590592,11.956713921112758,[328.35217285 -48.87015152],[315.36071777 -48.86993027],[302.37210083 -48.85402679],[290.4156189  -48.92850876]
531,13.018615724536351,13.145358891811592,12.238066765657603,[329.3631897  -48.87015152],[316.34457397 -48.86993027],[303.19921875 -48.86011124],[290.96133423 -48.92689896]
532,13.032775881412375,13.28286797068145,12.525649209123866,[330.39498901 -48.87013626],[317.36221313 -48.86988068],[304.0793457 -48.8660965],[291.55383301 -48.92457581]
533,13.035247804949774,13.405365122152768,12.798069949690055,[331.4468689 -48.870121 ],[318.41162109 -48.86988068],[305.0062561  -48.87176132],[292.20828247 -48.92141342]
534,13.026397707365966,13.510011590957747,13.055666499580283,[332.51800537 -48.870121  ],[319.49160767 -48.86987686],[305.9815979  -48.87689972],[292.92599487 -48.91761017]
535,13.006835939131195,13.593510763747462,13.303199009385132,[333.60772705 -48.87008286],[320.60089111 -48.86987686],[307.00738525 -48.88142395],[293.70422363 -48.91296387]
536,12.977630616750384,13.658761430995606,13.532031139600212,[334.71533203 -48.87007523],[321.73770142 -48.86987686],[308.07894897 -48.88554764],[294.54693604 -48.90774155]
537,12.93981933740002,13.707014517408362,13.738195601905247,[335.84039307 -48.87007141],[322.90057373 -48.86987686],[309.193573   -48.88931656],[295.4553833  -48.90205383]
538,12.89434814599893,13.737170951705853,13.922363731312828,[336.98214722 -48.87007141],[324.08779907 -48.86987686],[310.35064697 -48.89263535],[296.42828369 -48.89617538]
539,12.842132569833021,13.750237525811139,14.081269323301983,[338.1399231  -48.87007141],[325.29779053 -48.86987686],[311.5475769  -48.89551544],[297.46630859 -48.89017487]
540,12.783905030777234,13.747800753542126,14.21808520863426,[339.3132019  -48.87007141],[326.52929688 -48.86987686],[312.78152466 -48.89788818],[298.56344604 -48.88419342]
541,12.720245362701492,13.730257073423076,14.334549518354057,[340.50137329 -48.87006378],[327.78112793 -48.86987686],[314.05090332 -48.8997345 ],[299.71636963 -48.87843323]
542,12.65209961064535,13.698094701899022,14.428127910563308,[341.70388794 -48.87005234],[329.05178833 -48.86987305],[315.35372925 -48.9011116 ],[300.92562866 -48.87303162]
543,12.58001709106759,13.652381551829468,14.498361008113442,[342.9201355  -48.87004852],[330.34011841 -48.86987305],[316.68777466 -48.90200043],[302.18945312 -48.86816788]
544,12.50466919068434,13.593789045204502,14.546529224757077,[344.14962769 -48.87004852],[331.6449585  -48.86987305],[318.0512085  -48.90245438],[303.50473022 -48.86395264]
545,12.426574708270202,13.523660138568832,14.572112803302392,[345.39181519 -48.87004852],[332.96524048 -48.86987305],[319.44161987 -48.90257263],[304.86956787 -48.86047745]
546,12.346405030386524,13.44309364514301,14.574958590531242,[346.64627075 -48.87003708],[334.29986572 -48.86987305],[320.85681152 -48.90243912],[306.28192139 -48.85776901]
547,12.264648438596913,13.352974762363546,14.55631758845909,[347.91244507 -48.87003708],[335.64779663 -48.86987305],[322.29486084 -48.90213394],[307.73861694 -48.85581589]
548,12.181884766834486,13.254402296816748,14.517166485944907,[349.19000244 -48.87003708],[337.00811768 -48.86986542],[323.75375366 -48.90172195],[309.23666382 -48.85454941]
549,12.098388673092833,13.148597078630859,14.45808554149045,[350.478302   -48.87003708],[338.37991333 -48.86986542],[325.23135376 -48.90127182],[310.77334595 -48.85386276]
550,12.014739991460686,13.036383090487591,14.380570471704342,[351.77713013 -48.87003708],[339.76239014 -48.86986542],[326.7260437  -48.90077972],[312.34555054 -48.85362625]
551,11.931518555351582,12.918004572567702,14.286574912830696,[353.08612061 -48.87003326],[341.15460205 -48.86990738],[328.2366333  -48.90032959],[313.95013428 -48.85376358]
552,11.848724365824497,12.794712911283229,14.176679278422778,[354.4046936  -48.87003326],[342.55596924 -48.86991501],[329.7612915 -48.8999176],[315.58468628 -48.85409546]
553,11.766845703609782,12.668705301256573,14.051708060807627,[355.73254395 -48.87002182],[343.96569824 -48.86991501],[331.29702759 -48.89954376],[317.24539185 -48.85446167]
554,11.686096191894382,12.54080570498554,13.91379778033821,[357.06936646 -48.87002182],[345.38327026 -48.86991501],[332.84249878 -48.89921188],[318.92877197 -48.85477066]
555,11.606658936038347,12.411471893449377,13.764566110236395,[358.41470337 -48.87002182],[346.80804443 -48.86991501],[334.39660645 -48.89892578],[320.6321106  -48.85494614]
556,11.528869629401038,12.281832987331837,13.605050729361393,[359.7684021  -48.87002182],[348.23953247 -48.86991501],[335.95773315 -48.89867401],[322.35275269 -48.85494995]
557,11.452575683736695,12.152834841517434,13.43622807236477,[361.12991333 -48.87002182],[349.67733765 -48.8699646 ],[337.52453613 -48.89842606],[324.08837891 -48.85479355]
558,11.37826538098471,12.024752336789668,13.260997125148057,[362.49908447 -48.87002182],[351.12081909 -48.86996841],[339.09609985 -48.89818192],[325.83517456 -48.85453415]
559,11.306060791108296,11.898104154501134,13.081188720523368,[363.87557983 -48.87002182],[352.56951904 -48.86997604],[340.67144775 -48.89794159],[327.59033203 -48.85424042]
560,11.235992431733873,11.773744793417126,12.897443538989148,[365.25918579 -48.87002182],[354.02319336 -48.86997604],[342.2494812  -48.89769745],[329.35211182 -48.85396194]
561,11.167968750093817,11.65204045444733,12.711470306056889,[366.64941406 -48.87002182],[355.48144531 -48.86997604],[343.82943726 -48.89745331],[331.11804199 -48.85377502]
562,11.102233886813123,11.533357293422904,12.524733766882694,[368.0461731  -48.87002182],[356.94393921 -48.86997604],[345.41061401 -48.89718628],[332.88595581 -48.85367966]
563,11.038665771579291,11.418336168611562,12.338149377969172,[369.44921875 -48.87002182],[358.41055298 -48.86997604],[346.99224854 -48.89689255],[334.6541748  -48.85368729]
564,10.977478027439194,11.306824573564388,12.152907481623267,[370.85818481 -48.87002182],[359.88070679 -48.86997604],[348.57391357 -48.89660645],[336.42108154 -48.85378265]
565,10.91845703134596,11.199524365777751,11.970106752472473,[372.27294922 -48.87002182],[361.35449219 -48.86997604],[350.15499878 -48.8963089 ],[338.18496704 -48.85393143]
566,10.861724853612087,11.096282993839363,11.790754342054976,[373.69320679 -48.87002182],[362.83148193 -48.86997604],[351.73522949 -48.89601517],[339.94454956 -48.85412598]
567,10.807189941503198,10.997253045306977,11.615521780386462,[375.11871338 -48.87002182],[364.31152344 -48.86997604],[353.31430054 -48.89572525],[341.69885254 -48.85432434]
568,10.75482177744117,10.902800828303276,11.445019728666042,[376.54931641 -48.87002182],[365.79449463 -48.86997604],[354.89172363 -48.89548111],[343.44677734 -48.85448074]
569,10.704681396582252,10.81292623557058,11.279553117235936,[377.98483276 -48.87002182],[367.28015137 -48.86997604],[356.46725464 -48.89523697],[345.18777466 -48.85461807]
570,10.656585693457693,10.72756818775941,11.11982383221319,[379.42498779 -48.87002182],[368.7684021  -48.86997604],[358.04086304 -48.89497375],[346.92111206 -48.85472107]
571,10.610473632911246,10.646909763823531,10.9667777733905,[380.86959839 -48.87002182],[370.25912476 -48.86997604],[359.61224365 -48.89468002],[348.64553833 -48.85481644]
572,10.566345214942908,10.570829071269378,10.820964669344697,[382.318573   -48.87002182],[371.75222778 -48.86997604],[361.181427   -48.89443207],[350.36053467 -48.85486603]
573,10.523986816505808,10.49923446005577,10.682231614708751,[383.77154541 -48.87002182],[373.24755859 -48.86997604],[362.74835205 -48.89418793],[352.06619263 -48.85491562]
574,10.483673095803065,10.432064816511751,10.550639403654548,[385.22869873 -48.87002182],[374.74502563 -48.86997604],[364.31298828 -48.89391327],[353.76242065 -48.85499573]
575,10.444854736428436,10.369228711422126,10.427042787294134,[386.68945312 -48.87002182],[376.24459839 -48.86997604],[365.87539673 -48.8936615 ],[355.44842529 -48.85508728]
576,10.407775879006918,10.310604039704845,10.311411191137658,[388.15393066 -48.87002182],[377.74615479 -48.86997604],[367.43557739 -48.89341736],[357.12423706 -48.85519028]
577,10.372375488382263,10.256007618821737,10.203561283836766,[389.62194824 -48.87002182],[379.24957275 -48.86997604],[368.99359131 -48.89314651],[358.7901001  -48.85533142]
578,10.338531494241968,10.20525645660411,10.10358494247024,[391.09332275 -48.87002182],[380.75479126 -48.86997604],[370.54956055 -48.89289856],[360.44604492 -48.85547256]
579,10.306152343851661,10.158289474917451,10.011451565004844,[392.56793213 -48.87002182],[382.26177979 -48.86997604],[372.10351562 -48.89265442],[362.09213257 -48.85561752]
580,10.275115966898843,10.114801490486771,9.927100103041479,[394.04556274 -48.87002182],[383.77044678 -48.86997604],[373.65567017 -48.89241028],[363.7286377 -48.8557663]
581,10.245422363383515,10.074761986173113,9.850255929127933,[395.52624512 -48.87002182],[385.28082275 -48.86997604],[375.20608521 -48.89216614],[365.355896   -48.85591125]
582,10.216949462993174,10.037865787305586,9.780583324977721,[397.00970459 -48.87002182],[386.79275513 -48.86997604],[376.75491333 -48.891922  ],[366.97439575 -48.85606003]
583,10.189636230571574,10.00392978921111,9.717838180741516,[398.49588013 -48.87002182],[388.3062439  -48.86997604],[378.30233765 -48.89167786],[368.58456421 -48.85620499]
584,10.163482666118714,9.972801404710102,9.661806862035622,[399.98468018 -48.87002182],[389.82119751 -48.86997604],[379.84841919 -48.89143372],[370.18667603 -48.85634995]
585,10.138427734478343,9.944236485947565,9.612153651614122,[401.4760437  -48.87002182],[391.33761597 -48.86997604],[381.3934021  -48.89118576],[371.78131104 -48.85649872]
586,10.114471435650463,9.918051944541869,9.568512397722165,[402.96984863 -48.87002182],[392.8553772  -48.86997604],[382.93734741 -48.89094162],[373.36889648 -48.85664368]
587,10.091491699360066,9.894125718538604,9.530547369498933,[404.46594238 -48.87002182],[394.37445068 -48.86996841],[384.48034668 -48.89069748],[374.94985962 -48.85679245]
588,10.069366455219752,9.872244153540843,9.497983939398594,[405.96420288 -48.87002182],[395.89483643 -48.86996841],[386.02261353 -48.89045334],[376.52468872 -48.85693741]
589,10.048095703266926,9.852315705585058,9.470394838657333,[407.46459961 -48.87002182],[397.41650391 -48.86996841],[387.56420898 -48.89020538],[378.09387207 -48.85708237]
590,10.02767944350159,9.834157285608047,9.447505426007853,[408.96713257 -48.87002182],[398.93945312 -48.86996841],[389.10531616 -48.88996124],[379.65786743 -48.85723114]
591,10.008087158345619,9.817616382863354,9.42876654708133,[410.47161865 -48.87002182],[400.46353149 -48.86996841],[390.64593506 -48.88975906],[381.21722412 -48.8573761 ]
592,9.989105224752139,9.802540331470679,9.414086478034653,[411.97787476 -48.87002182],[401.98876953 -48.86996841],[392.18624878 -48.8895607 ],[382.7722168  -48.85752869]
593,9.97088623046948,9.788654383128575,9.40300752380673,[413.48599243 -48.87002182],[403.5151062  -48.87001801],[393.72647095 -48.88936996],[384.32351685 -48.85767365]
594,9.953369140625732,9.775775577278717,9.395376969785573,[414.99584961 -48.87002182],[405.04248047 -48.87001801],[395.26672363 -48.88916016],[385.87139893 -48.85782242]
595,9.9364013671875,9.763995331769094,9.39064548109143,[416.50732422 -48.87002182],[406.57092285 -48.87002182],[396.8069458  -48.88891602],[387.41635132 -48.85796738]
596,9.920074462890625,9.753161222267881,9.388447164126806,[418.02038574 -48.87002182],[408.10031128 -48.87002182],[398.34716797 -48.88871384],[388.95877075 -48.85808945]
597,9.904296875,9.743303691363792,9.388446210591587,[419.53500366 -48.87002182],[409.63070679 -48.87002182],[399.88742065 -48.88851929],[390.49902344 -48.85818863]
598,9.88909912109375,9.73411754916481,9.3904593794974,[421.05105591 -48.87002182],[411.16195679 -48.87002182],[401.42785645 -48.88832474],[392.03744507 -48.85829926]
599,9.8743896484375,9.72563331327452,9.39412037910528,[422.56848145 -48.87002182],[412.6940918  -48.87002182],[402.96847534 -48.88813019],[393.57440186 -48.85844803]
600,9.86016845703125,9.71763731892405,9.399276781891007,[424.08728027 -48.87002182],[414.22711182 -48.87002182],[404.50949097 -48.88791275],[395.11026001 -48.85856247]
601,9.846466064453125,9.710129643978123,9.405562389665116,[425.60736084 -48.87002182],[415.76089478 -48.87002182],[406.05078125 -48.88771439],[396.64526367 -48.85868073]
602,9.83319091796875,9.703079742351175,9.412824497598441,[427.12866211 -48.87002182],[417.29547119 -48.87002182],[407.59240723 -48.88751984],[398.17962646 -48.85882568]
603,9.8203125,9.696396047679556,9.420849670314809,[428.65112305 -48.87002182],[418.83081055 -48.87002182],[409.13442993 -48.88732147],[399.71362305 -48.85892868]
604,9.807861328125,9.689956503570649,9.429332638653522,[430.17471313 -48.87002182],[420.36685181 -48.87002182],[410.6769104  -48.88712692],[401.24761963 -48.85902786]
605,9.7957763671875,9.68385265577221,9.438212209831049,[431.69937134 -48.87002182],[421.90359497 -48.87002182],[412.21975708 -48.88693237],[402.78158569 -48.85917282]
606,9.784149169921875,9.677901392540646,9.447366518677196,[433.22506714 -48.87002182],[423.44091797 -48.87002182],[413.76303101 -48.88673401],[404.31570435 -48.85929108]
607,9.77276611328125,9.67219427323367,9.456612447081204,[434.75170898 -48.87002182],[424.97894287 -48.87002182],[415.3067627  -48.88653564],[405.85018921 -48.85939026]
608,9.761871337890625,9.666548199113656,9.46579727598162,[436.27935791 -48.87002182],[426.51748657 -48.87002182],[416.85095215 -48.88634109],[407.38519287 -48.85951996]
609,9.751251220703125,9.661024198677366,9.474860080019452,[437.80789185 -48.87002182],[428.05664062 -48.87002182],[418.39562988 -48.88614655],[408.92080688 -48.85963821]
610,9.740966796875,9.65559175440608,9.483587267296924,[439.33724976 -48.87002182],[429.59628296 -48.87002182],[419.94070435 -48.885952  ],[410.45715332 -48.85973358]
611,9.7310791015625,9.650220336339562,9.491948140871616,[440.86746216 -48.87002182],[431.13638306 -48.87002182],[421.48617554 -48.88574982],[411.9942627  -48.85986328]
612,9.721405029296875,9.644971035325755,9.499881916680819,[442.3984375  -48.87002182],[432.67703247 -48.87002182],[423.03207397 -48.88557434],[413.53222656 -48.85997009]
613,9.712066650390625,9.639782814914998,9.507297006887164,[443.93017578 -48.87002182],[434.21810913 -48.87002182],[424.57833862 -48.88542557],[415.07107544 -48.86006546]
614,9.703033447265625,9.634655631631276,9.514193206773875,[445.462677   -48.87002182],[435.75964355 -48.87002182],[426.125      -48.88527679],[416.61083984 -48.86019897]
615,9.694305419924877,9.629558967941541,9.520479156135272,[446.99584961 -48.87002182],[437.30154419 -48.87002945],[427.67199707 -48.88513565],[418.15155029 -48.86030579]
616,9.685852050784256,9.624492764642538,9.52609362999201,[448.52966309 -48.87002182],[438.84381104 -48.87002945],[429.21932983 -48.88494873],[419.69326782 -48.86040497]
617,9.677734375003007,9.619487611447346,9.531097792879827,[450.06417847 -48.87002182],[440.38644409 -48.87002945],[430.76696777 -48.88476944],[421.23590088 -48.86050034]
618,9.66979980469051,9.614421478284113,9.535583234478224,[451.59921265 -48.87002182],[441.92941284 -48.87002945],[432.31500244 -48.88462448],[422.77944946 -48.86060333]
619,9.662109375003013,9.609568941223852,9.539366619615091,[453.1348877  -48.87002182],[443.47277832 -48.87002945],[433.86322021 -48.88446045],[424.32388306 -48.86075211]
620,9.654663085940514,9.604716418056142,9.542448150870374,[454.67105103 -48.87002182],[445.01638794 -48.87002945],[435.41168213 -48.88430405],[425.8692627  -48.86089325]
621,9.647521972659266,9.599772361407881,9.545010996276341,[456.20773315 -48.87002182],[446.56021118 -48.87002945],[436.96044922 -48.88415909],[427.41546631 -48.86100388]
622,9.640594482424893,9.59510290357909,9.546841355942433,[457.7449646  -48.87002182],[448.10437012 -48.87002945],[438.50927734 -48.88397217],[428.96246338 -48.86110306]
623,9.633819580081147,9.590280905219805,9.548305595796206,[459.28259277 -48.87002182],[449.64877319 -48.87002945],[440.0585022  -48.88381577],[430.51022339 -48.86119843]
624,9.627441406253023,9.585581011951675,9.549098457595516,[460.82073975 -48.87002182],[451.19329834 -48.87001419],[441.60772705 -48.88366699],[432.05865479 -48.86130142]
625,9.6210632324249,9.581033686581424,9.549464090017532,[462.35925293 -48.87002182],[452.7381897  -48.87001419],[443.15716553 -48.88351822],[433.60772705 -48.8614006 ]
626,9.615081787112402,9.57633378090509,9.549371975187467,[463.89819336 -48.87002182],[454.28311157 -48.87001419],[444.70678711 -48.88337326],[435.15744019 -48.86149979]
627,9.609130859378029,9.57200008781755,9.548761077732745,[465.43753052 -48.87002182],[455.82839966 -48.87001419],[446.25640869 -48.8832283 ],[436.70767212 -48.86159515]
628,9.60351562500303,9.567696909087468,9.547600854138029,[466.97720337 -48.87002182],[457.37368774 -48.87001419],[447.80599976 -48.88307953],[438.25842285 -48.86169434]
629,9.597991943362407,9.563332702544049,9.546318566835305,[468.51724243 -48.87002182],[458.91925049 -48.87001419],[449.35592651 -48.88293457],[439.80963135 -48.86179733]
630,9.592651367190534,9.5590600455779,9.544700618323999,[470.05761719 -48.87002182],[460.46496582 -48.87001419],[450.90591431 -48.8827858 ],[441.36123657 -48.86188507]
631,9.587585449221786,9.55472636069032,9.542747082162311,[471.59823608 -48.87002182],[462.01065063 -48.87001419],[452.45593262 -48.88264084],[442.91320801 -48.86193085]
632,9.582672119143663,9.55066733580019,9.540488284412898,[473.13925171 -48.87002182],[463.55657959 -48.87001419],[454.00592041 -48.88249588],[444.4654541  -48.86201859]
633,9.577850341834099,9.546760920445612,9.538076872183495,[474.68054199 -48.87002182],[465.10269165 -48.86999512],[455.55593872 -48.88234711],[446.0178833  -48.86211777]
634,9.57324218750076,9.542854487187505,9.535329781509034,[476.22201538 -48.86999893],[466.64877319 -48.86999512],[457.10592651 -48.88220215],[447.57061768 -48.86221695]
635,9.568939208985135,9.538978568712952,9.532582696794167,[477.76382446 -48.86999893],[468.19488525 -48.86999512],[458.65591431 -48.88205338],[449.12335205 -48.86231232]
636,9.56469726562576,9.535194205071372,9.529622089209338,[479.30581665 -48.86999893],[469.74111938 -48.86999512],[460.20593262 -48.8819046 ],[450.67633057 -48.86236191]
637,9.560394287110135,9.53168450159993,9.52650882827611,[480.84799194 -48.86999893],[471.28759766 -48.86999512],[461.75592041 -48.88175583],[452.22943115 -48.86244583]
638,9.556396484375762,9.528479980521569,9.52305986475617,[482.39047241 -48.86999893],[472.83407593 -48.86999512],[463.30560303 -48.88161087],[453.78256226 -48.8625412 ]
639,9.552459716797637,9.525367060213584,9.519549985272832,[483.93304443 -48.86999893],[474.38058472 -48.86999512],[464.85522461 -48.88150406],[455.33569336 -48.86261749]
640,9.548828125000762,9.522223632602877,9.516040184101758,[485.47589111 -48.86999893],[475.92706299 -48.86999512],[466.40484619 -48.88140488],[456.88882446 -48.86266327]
641,9.545318603516387,9.519110723504847,9.512865973398469,[487.01885986 -48.86999893],[477.47354126 -48.86999512],[467.95443726 -48.88130569],[458.44158936 -48.86276245]
642,9.541931152344512,9.515967302302752,9.50975280897974,[488.56195068 -48.86999893],[479.02001953 -48.86999512],[469.50405884 -48.88121033],[459.99432373 -48.86286163]
643,9.538818359375762,9.513006956151486,9.506456543164244,[490.10531616 -48.86999893],[480.5664978  -48.86999512],[471.05349731 -48.88108826],[461.54705811 -48.86293411]
644,9.535644531250764,9.510290721174876,9.50312975634463,[491.64865112 -48.86999893],[482.11300659 -48.86999512],[472.60272217 -48.88093948],[463.09960938 -48.8629837 ]
645,9.532745361328889,9.507543975202632,9.50001651773901,[493.19223022 -48.86999893],[483.65948486 -48.86999512],[474.15194702 -48.88079453],[464.65194702 -48.86307907]
646,9.529998779296875,9.50479723134641,9.49702536907033,[494.73596191 -48.86999512],[485.20596313 -48.86999512],[475.70117188 -48.88064957],[466.2041626  -48.86316681]
647,9.52728271484375,9.50223362453577,9.494095378940889,[496.27972412 -48.86999512],[486.75244141 -48.86999512],[477.25021362 -48.88053131],[467.75613403 -48.8632164 ]
648,9.5245361328125,9.499883658790973,9.491134839624818,[497.82345581 -48.86999512],[488.29891968 -48.86999512],[478.79904175 -48.88042831],[469.30792236 -48.86330032]
649,9.522186279296875,9.497564215817563,9.488418430399603,[499.36761475 -48.86999512],[489.84542847 -48.86999512],[480.34786987 -48.88032913],[470.85946655 -48.86339569]
650,9.51983642578125,9.495214260380074,9.485915735319631,[500.91174316 -48.86999512],[491.39190674 -48.86999512],[481.896698   -48.88023376],[472.41079712 -48.86344528]
651,9.51751708984375,9.49316944077454,9.483260367761151,[502.4559021  -48.86999512],[492.93838501 -48.86999512],[483.44522095 -48.88010025],[473.9619751  -48.86350632]
652,9.515167236328125,9.49121618770015,9.480879622234934,[504.00003052 -48.86999512],[494.48486328 -48.86999512],[484.99365234 -48.87997818],[475.51278687 -48.86360168]
653,9.5128173828125,9.48926295598319,9.478621042839851,[505.54415894 -48.86999512],[496.03134155 -48.86999512],[486.54208374 -48.87987518],[477.06347656 -48.86366272]
654,9.510650634765625,9.487462321015403,9.476545610146015,[507.08850098 -48.86999512],[497.57785034 -48.86999512],[488.09039307 -48.87977982],[478.61386108 -48.8637085 ]
655,9.508697509765625,9.485905808003567,9.474470057862986,[508.63302612 -48.86999512],[499.12432861 -48.86999512],[489.63842773 -48.87966537],[480.16397095 -48.86380768]
656,9.50677490234375,9.484349300178572,9.472547148373186,[510.17758179 -48.86999512],[500.67080688 -48.86999512],[491.1864624  -48.87955475],[481.71392822 -48.86388016]
657,9.50482177734375,9.482762287454875,9.470990508967251,[511.72210693 -48.86999512],[502.21728516 -48.86999512],[492.73452759 -48.87945557],[483.2635498  -48.86392975]
658,9.502838134765625,9.481541475202679,9.46925074801443,[513.26660156 -48.86999512],[503.76376343 -48.86999512],[494.28222656 -48.87934494],[484.81298828 -48.86397934]
659,9.500885009765625,9.480412224342523,9.467663589627728,[514.81115723 -48.86999512],[505.31027222 -48.86999512],[495.8298645  -48.87924194],[486.36221313 -48.86402893]
660,9.49896240234375,9.479221939449685,9.466381560511381,[516.35571289 -48.86999512],[506.85675049 -48.86999512],[497.37753296 -48.87913895],[487.91116333 -48.86410904]
661,9.496978759765625,9.478214768317,9.465038487812983,[517.90020752 -48.86999512],[508.40322876 -48.86999512],[498.92501831 -48.87904358],[489.45999146 -48.86420441]
662,9.495391845703125,9.477085524263588,9.463878506416657,[519.44476318 -48.86999512],[509.94937134 -48.86999512],[500.47229004 -48.8789444 ],[491.00842285 -48.8643074 ]
663,9.493804931640625,9.475895203453652,9.462779570168287,[520.98925781 -48.86999512],[511.49545288 -48.86999512],[502.01956177 -48.87879944],[492.55679321 -48.86436081]
664,9.49224853515625,9.474735440836378,9.462016405751477,[522.53381348 -48.86999512],[513.04156494 -48.86999512],[503.5668335  -48.87869644],[494.10482788 -48.86440659]
665,9.49072265625,9.47388085843419,9.46097858574143,[524.07836914 -48.86999512],[514.58764648 -48.86999512],[505.11376953 -48.87859726],[495.65280151 -48.86445618]
666,9.4891357421875,9.473087312185823,9.460184908380246,[525.62286377 -48.86999512],[516.13372803 -48.86999512],[506.66064453 -48.87849808],[497.20046997 -48.86450577]
667,9.48760986328125,9.472293766961021,9.4594827357768,[527.16741943 -48.86999512],[517.67980957 -48.86999512],[508.20751953 -48.8783989 ],[498.74804688 -48.86458969]
668,9.48626708984375,9.471317117361675,9.45905520811758,[528.71191406 -48.86999512],[519.22564697 -48.86999512],[509.7543335  -48.87829971],[500.29528809 -48.86468506]
669,9.485107421875,9.470554091749785,9.458261500947769,[530.25646973 -48.86999512],[520.7713623  -48.86999512],[511.30081177 -48.87820053],[501.84255981 -48.86476135]
670,9.48394775390625,9.469791070428984,9.457864573327157,[531.80102539 -48.86999512],[522.31707764 -48.86999512],[512.84729004 -48.87810516],[503.38943481 -48.86480713]
671,9.48278808594057,9.468936494125844,9.457498149431233,[533.34552002 -48.86998749],[523.86273193 -48.86999512],[514.39379883 -48.87800598],[504.93630981 -48.86486053]
672,9.48162841797182,9.468448126469413,9.457040175332798,[534.89007568 -48.86998749],[525.40844727 -48.86999512],[515.94000244 -48.87790298],[506.48297119 -48.86491013]
673,9.48059082031557,9.467837736996445,9.45670435174286,[536.43457031 -48.86998749],[526.95397949 -48.86999512],[517.48614502 -48.87785721],[508.02944946 -48.86495972]
674,9.47979736328432,9.46704421718642,9.456307452739122,[537.97906494 -48.86998749],[528.49926758 -48.86999512],[519.03222656 -48.87778091],[509.57592773 -48.86500931]
675,9.478576660159321,9.46631172070209,9.456307263164883,[539.52319336 -48.86998749],[530.0446167  -48.86999512],[520.57830811 -48.87768936],[511.12200928 -48.8650589 ]
676,9.477416992190571,9.465884394649935,9.455940860041602,[541.06732178 -48.86998749],[531.58990479 -48.86999512],[522.12402344 -48.87759018],[512.66809082 -48.86510468]
677,9.47625732421875,9.465457093846487,9.45563552911761,[542.6114502  -48.86999512],[533.13519287 -48.86999512],[523.66973877 -48.87752151],[514.21411133 -48.86515427]
678,9.47540283203125,9.464846682115885,9.45557433514185,[544.15563965 -48.86999512],[534.68023682 -48.86999512],[525.21539307 -48.87744522],[515.75982666 -48.86520004]
679,9.474609375,9.464175218049665,9.45545207343505,[545.69976807 -48.86999512],[536.22515869 -48.86999512],[526.76098633 -48.87734604],[517.30554199 -48.86524963]
680,9.473815918006382,9.463808962950182,9.455146766695933,[547.24389648 -48.87002182],[537.77008057 -48.86999512],[528.30627441 -48.87728882],[518.85113525 -48.86529541]
681,9.473022460975136,9.463442693627421,9.455085572746565,[548.7880249  -48.87002182],[539.31500244 -48.86999512],[529.8515625  -48.87721252],[520.39648438 -48.865345  ]
682,9.47216796878764,9.462893305124163,9.455146427022868,[550.33197021 -48.87002182],[540.85980225 -48.86999512],[531.39691162 -48.87711716],[521.94177246 -48.86539459]
683,9.471374511756393,9.462465996357668,9.45484108688132,[551.87573242 -48.87002182],[542.40435791 -48.86999512],[532.94189453 -48.87703323],[523.48706055 -48.86544418]
684,9.470581054725145,9.46209975158274,9.454840970467888,[553.41949463 -48.87002182],[543.94891357 -48.86999512],[534.48681641 -48.87698746],[525.03198242 -48.86549377]
685,9.469848632874735,9.461672441172519,9.454840749650593,[554.96325684 -48.87002945],[545.4934082  -48.86999512],[536.03173828 -48.87689972],[526.5769043  -48.86558914]
686,9.46905517584349,9.461306161216632,9.454779542238093,[556.50695801 -48.87002945],[547.03790283 -48.86999512],[537.57659912 -48.87680435],[528.12182617 -48.86563873]
687,9.468688964905992,9.460939901203849,9.45465733309453,[558.05072021 -48.87002945],[548.58203125 -48.86999512],[539.12109375 -48.87673569],[529.66644287 -48.86568832]
688,9.468078613343497,9.460573657854813,9.454657217724673,[559.59429932 -48.87002945],[550.1262207  -48.86999512],[540.66564941 -48.87668991],[531.21099854 -48.86574173]
689,9.46728515631225,9.460146350184107,9.454657059699457,[561.13763428 -48.87002945],[551.67034912 -48.86999512],[542.21020508 -48.87660217],[532.7555542  -48.86579132]
690,9.466552734468,9.460024216402275,9.454534824824249,[562.68103027 -48.87002945],[553.21447754 -48.86998749],[543.75445557 -48.87650299],[534.29992676 -48.8658371 ]
691,9.466125488374255,9.459657961107466,9.454473661295005,[564.22436523 -48.87002945],[554.75823975 -48.86998749],[545.29858398 -48.87643814],[535.84411621 -48.86588669]
692,9.465698242280508,9.45929171914922,9.454473555343315,[565.7677002  -48.87002945],[556.30200195 -48.86998749],[546.8427124  -48.87639236],[537.38824463 -48.86593628]
693,9.465270996186764,9.458864416698741,9.45447340862706,[567.31097412 -48.87002945],[557.84570312 -48.86998749],[548.38684082 -48.87630844],[538.93237305 -48.86598587]
694,9.46447753915552,9.458864363504798,9.454412232787348,[568.85394287 -48.87002945],[559.38946533 -48.86998749],[549.93060303 -48.87622833],[540.47619629 -48.86603546]
695,9.464111328218024,9.458498120056161,9.454351095330571,[570.39691162 -48.87002945],[560.93280029 -48.86998749],[551.4743042  -48.87617874],[542.0199585  -48.86608124]
696,9.463745117280528,9.458070824419638,9.454350961720042,[571.93988037 -48.87002945],[562.47613525 -48.86998749],[553.01806641 -48.87610245],[543.5637207  -48.86613083]
697,9.463317871186781,9.457948700245039,9.454228751597118,[573.48284912 -48.87002945],[564.01953125 -48.86998749],[554.56158447 -48.87601852],[545.10736084 -48.86618042]
698,9.462829589936787,9.457887633608344,9.454167609855396,[575.02563477 -48.87002945],[565.56280518 -48.86998749],[556.10491943 -48.87596893],[546.65075684 -48.86623383]
699,9.46240234384304,9.45746035158361,9.45422853559783,[576.56817627 -48.87002945],[567.10577393 -48.86998749],[557.64831543 -48.87591171],[548.1940918  -48.86628342]
700,9.462036132905544,9.457094079107208,9.454228419742511,[578.11077881 -48.87002945],[568.64874268 -48.86998749],[559.19165039 -48.87581253],[549.73742676 -48.86629868]
701,9.4616088868118,9.457094046363032,9.454106269216298,[579.65332031 -48.87002945],[570.19171143 -48.86998749],[560.73461914 -48.87575912],[551.28051758 -48.86632538]
702,9.461425781343051,9.456910913101447,9.45410617453525,[581.19592285 -48.87002945],[571.73449707 -48.86998749],[562.27758789 -48.87571335],[552.82348633 -48.86637497]
703,9.461059570405554,9.456544665471755,9.45410606591044,[582.73815918 -48.87002945],[573.27709961 -48.86998749],[563.82055664 -48.87565231],[554.36645508 -48.86642456]
704,9.460632324311808,9.456422538532635,9.453922864239825,[584.28033447 -48.87002945],[574.81970215 -48.86998749],[565.36328125 -48.87555695],[555.90936279 -48.86642838]
705,9.460266113374312,9.456422509455495,9.453861737507046,[585.82250977 -48.87002945],[576.36224365 -48.86998749],[566.90582275 -48.87550735],[557.45196533 -48.86647415]
706,9.460021972749315,9.456239375200306,9.453922678387384,[587.36468506 -48.87002945],[577.90466309 -48.86998749],[568.44842529 -48.87545776],[558.99450684 -48.86652374]
707,9.459838867280567,9.455873135765414,9.453861553615953,[588.90667725 -48.87002945],[579.44683838 -48.86998749],[569.9909668  -48.87540817],[560.53710938 -48.86656952]
708,9.45947265634307,9.455873096651999,9.453739391148009,[590.44848633 -48.87002945],[580.98901367 -48.86998749],[571.53314209 -48.87533951],[562.07940674 -48.86660004]
709,9.459106445405574,9.455873062303109,9.453739303466993,[591.99029541 -48.87002945],[582.53118896 -48.86998749],[573.07531738 -48.87527847],[563.62158203 -48.86663437]
710,9.459045410249324,9.455506823803486,9.453800248430593,[593.53210449 -48.87002945],[584.07305908 -48.86998749],[574.61755371 -48.87522888],[565.16375732 -48.86668396]
711,9.458923339936826,9.455384703202638,9.453556018776428,[595.0737915  -48.87002945],[585.61486816 -48.86998749],[576.15948486 -48.87513733],[566.70593262 -48.86669159]
712,9.45849609384308,9.455384672210858,9.453555937427186,[596.61517334 -48.87002945],[587.15667725 -48.86998749],[577.70129395 -48.87508011],[568.2477417  -48.86672592]
713,9.458129882905583,9.455384647666754,9.453616888764175,[598.15661621 -48.87002945],[588.69848633 -48.86998749],[579.24310303 -48.87503433],[569.78948975 -48.86677551]
714,9.458129882905583,9.455018410441046,9.453555767503968,[599.69799805 -48.87002945],[590.23986816 -48.86998749],[580.78485107 -48.87498474],[571.33129883 -48.8668251 ]
715,9.458129882905583,9.454957349212876,9.453433641484864,[601.23937988 -48.87002945],[591.78125    -48.86998749],[582.32629395 -48.87493515],[572.87286377 -48.86684036]
716,9.45770263682953,9.455018358540597,9.453372534861154,[602.78039551 -48.87003326],[593.32269287 -48.86998749],[583.86767578 -48.87488556],[574.41430664 -48.86687469]
717,9.457397461048284,9.454896262684077,9.453433486468587,[604.32141113 -48.87003326],[594.86401367 -48.86998749],[585.40911865 -48.87483597],[575.95568848 -48.86692429]
718,9.457397461048284,9.454713118422857,9.453250308040776,[605.86242676 -48.87003326],[596.4050293  -48.86998749],[586.95031738 -48.87475967],[577.49707031 -48.86693573]
719,9.457336425892036,9.454713091617585,9.453250229591358,[607.40338135 -48.87003326],[597.94604492 -48.86998749],[588.49133301 -48.87470627],[579.03808594 -48.86697769]
720,9.45697021495454,9.45471306699709,9.453250152104037,[608.94403076 -48.87003326],[599.48706055 -48.86998749],[590.03234863 -48.87465668],[580.57910156 -48.86702347]
721,9.456726074329543,9.454529937189815,9.453250103017059,[610.48461914 -48.87003326],[601.02789307 -48.86998749],[591.57336426 -48.87460709],[582.12011719 -48.86703491]
722,9.456787109485791,9.454407844635528,9.453189001028816,[612.02526855 -48.87003326],[602.56848145 -48.86998749],[593.11407471 -48.87456131],[583.66088867 -48.86707306]
723,9.456726074348778,9.454407822600809,9.453188922982973,[613.56585693 -48.87003326],[604.10913086 -48.86998367],[594.65472412 -48.87451172],[585.20153809 -48.86712265]
724,9.456359863411283,9.45446883412938,9.453188872515636,[615.10614014 -48.87003326],[605.64978027 -48.86998367],[596.1953125  -48.87446213],[586.74212646 -48.86713791]
725,9.456237793098785,9.454224670170607,9.45318881078784,[616.6463623  -48.87003326],[607.19012451 -48.86998367],[597.73590088 -48.87441254],[588.28271484 -48.86716843]
726,9.456237793098785,9.454224647069566,9.453188738187501,[618.18658447 -48.87003326],[608.73034668 -48.86998367],[599.27612305 -48.87436295],[589.82293701 -48.8672142 ]
727,9.456237793098785,9.45422462597641,9.453127659950031,[619.72680664 -48.87003326],[610.27056885 -48.86998367],[600.81634521 -48.87431717],[591.36322021 -48.86722565]
728,9.45581054700504,9.454224594752256,9.453127583245248,[621.26660156 -48.87003326],[611.81079102 -48.86998367],[602.35656738 -48.8742485 ],[592.90344238 -48.86725998]
729,9.455749511848792,9.454102502211262,9.45312751044201,[622.80645752 -48.87003326],[613.35070801 -48.86998367],[603.89660645 -48.87419891],[594.44348145 -48.86730957]
730,9.455810546912703,9.454102480230473,9.453066433773193,[624.34631348 -48.87001038],[614.89050293 -48.86998367],[605.43640137 -48.87414932],[595.9833374 -48.8673172]
731,9.455749511756455,9.454102458509812,9.453127411355473,[625.8861084  -48.87001038],[616.43035889 -48.86998367],[606.97625732 -48.87409973],[597.52313232 -48.86734772]
732,9.455444335975205,9.454041401898676,9.453127341033708,[627.42559814 -48.87001038],[617.97015381 -48.86998367],[608.51611328 -48.87405014],[599.06298828 -48.86739731]
733,9.455444335949812,9.453980342308839,9.453127298276007,[628.96502686 -48.87001038],[619.50958252 -48.86999512],[610.05560303 -48.87400436],[600.60247803 -48.86741257]
734,9.455383300793562,9.45398032140831,9.453127250644641,[630.50445557 -48.87001038],[621.04907227 -48.86999512],[611.59509277 -48.87395477],[602.14196777 -48.86743164]
735,9.455322265637312,9.453980300767913,9.453127182724304,[632.04382324 -48.87001038],[622.58850098 -48.86999512],[613.13452148 -48.87390518],[603.68139648 -48.86748123]
736,9.455078125012312,9.453919245236486,9.453188168890765,[633.58288574 -48.87001038],[624.12780762 -48.86999512],[614.67388916 -48.87385559],[605.22070312 -48.86750412]
737,9.455078125012312,9.453919223579282,9.453188133159005,[635.12194824 -48.87001038],[625.66687012 -48.86999512],[616.21295166 -48.87380219],[606.75976562 -48.86750412]
738,9.455078125012312,9.45391920373916,9.45318806760049,[636.66101074 -48.87001038],[627.20593262 -48.86999512],[617.75201416 -48.87375259],[608.29882812 -48.86755371]
739,9.455017089856062,9.453919185656089,9.453188005544803,[638.20001221 -48.87001038],[628.74499512 -48.86999512],[619.29107666 -48.87370682],[609.83789062 -48.8676033 ]
740,9.454895019543562,9.453858131164552,9.453187971213865,[639.7387085  -48.87001038],[630.28381348 -48.86999512],[620.82995605 -48.87365723],[611.37677002 -48.86760712]
741,9.454833984387312,9.453919147236487,9.453187939605295,[641.27734375 -48.87001038],[631.82250977 -48.86999512],[622.36859131 -48.87360764],[612.91540527 -48.86760712]
742,9.454895019534328,9.4538580889589,9.453187905856236,[642.81604004 -48.87001038],[633.36114502 -48.87000275],[623.9072876  -48.87355423],[614.45410156 -48.86760712]
743,9.454772949221828,9.453858087526621,9.45324892423913,[644.35461426 -48.87001038],[634.89984131 -48.87000275],[625.44598389 -48.87355042],[615.99273682 -48.86763   ]
744,9.454711914065578,9.453797043813267,9.453248879124455,[645.8928833  -48.87001038],[636.43817139 -48.87000275],[626.984375   -48.87352753],[617.53112793 -48.8676796 ]
745,9.454711914065578,9.453797026856705,9.453248820609685,[647.43115234 -48.87001038],[637.97644043 -48.87000275],[628.52264404 -48.87348175],[619.06939697 -48.86772919]
746,9.454650878909328,9.453858043889461,9.453248790562226,[648.96942139 -48.87001038],[639.51477051 -48.87000275],[630.06091309 -48.87343216],[620.60766602 -48.86772919]
747,9.454589843753078,9.453858036989741,9.453248758494363,[650.50762939 -48.87001038],[641.05303955 -48.87000275],[631.59918213 -48.87341309],[622.14593506 -48.86776352]
748,9.454528808596828,9.45379698679344,9.453309739368528,[652.04547119 -48.87001038],[642.59094238 -48.87000275],[633.137146   -48.87337112],[623.68383789 -48.86781311]
749,9.454589843753078,9.453735935441717,9.453370747711308,[653.58337402 -48.87001038],[644.12878418 -48.87000275],[634.67504883 -48.87332535],[625.22167969 -48.86781311]
750,9.454528808596828,9.453796967915872,9.453309705899295,[655.12121582 -48.87001038],[645.66668701 -48.87000275],[636.21289062 -48.87331772],[626.75958252 -48.86781693]
751,9.454223632815578,9.453735919464025,9.453431754071012,[656.65875244 -48.87001038],[647.20452881 -48.87000275],[637.75079346 -48.87327957],[628.29736328 -48.86781693]
752,9.454162597659328,9.453796937557684,9.453431723361454,[658.19622803 -48.87001038],[648.74206543 -48.87000275],[639.28826904 -48.87322998],[629.83483887 -48.86782074]
753,9.454223632815578,9.453796922041876,9.453370634126772,[659.73376465 -48.87001038],[650.27954102 -48.87000275],[640.82574463 -48.8731842 ],[631.37237549 -48.86787033]
754,9.454162597659328,9.453796922041876,9.453431641527795,[661.27124023 -48.87001038],[651.81707764 -48.87000275],[642.36328125 -48.8731842 ],[632.90985107 -48.86791992]
