,c0_c1,c1_c2,c2_c3,p1,p2,p3,p4
0,14.896774291992188,14.896774291992188,14.896774291992188,[-100.          -48.86999893],[-114.89677429  -48.86999893],[-129.79354858  -48.86999893],[-144.69032288  -48.86999893]
1,14.896774291992188,14.896774291992188,14.896774291992188,[-100.          -48.86999893],[-114.89677429  -48.86999893],[-129.79354858  -48.86999893],[-144.69032288  -48.86999893]
2,14.896774291992188,14.896774291992188,14.896774291992188,[-100.          -48.86999893],[-114.89677429  -48.86999893],[-129.79354858  -48.86999893],[-144.69032288  -48.86999893]
3,14.898719787597656,14.896766662597656,14.896774291992188,[-99.99635315 -48.86999893],[-114.89507294  -48.86999893],[-129.7918396   -48.86999893],[-144.68861389  -48.86999893]
4,14.917770385746577,14.896507263242695,14.896759033203613,[-99.95761871 -48.86987686],[-114.8753891   -48.86988831],[-129.77189636  -48.86993027],[-144.6686554   -48.86993408]
5,14.996070862253077,14.899543762302745,14.896774291992676,[-99.87469482 -48.87005615],[-114.87076569  -48.86994171],[-129.77030945  -48.86988831],[-144.66708374  -48.86989212]
6,15.09417724611737,14.900497436547365,14.896774291992676,[-99.76821899 -48.86988831],[-114.86239624  -48.86991501],[-129.76289368  -48.86988831],[-144.65966797  -48.86989212]
7,15.198562622560528,14.902687072755858,14.897598266697289,[-99.63518524 -48.86982346],[-114.83374786  -48.86994553],[-129.73643494  -48.86995316],[-144.6340332   -48.86989975]
8,15.322769165587985,14.914741516328418,14.896636966174825,[-99.46208954 -48.86988068],[-114.7848587   -48.87001038],[-129.69960022  -48.87009048],[-144.59623718  -48.86977768]
9,15.448051454332301,14.94021606972057,14.896514895782737,[-99.25876617 -48.86988068],[-114.70681763  -48.86965179],[-129.64703369  -48.87004852],[-144.54354858  -48.86973953]
10,15.566169738995763,14.978591927798236,14.901733402570153,[-99.02732086 -48.86972046],[-114.5934906   -48.86963654],[-129.57208252  -48.87015152],[-144.47381592  -48.86980057]
11,15.682701111864706,15.033927924333955,14.907623292335366,[-98.76364136 -48.86936951],[-114.44634247  -48.8695488 ],[-129.48027039  -48.87000275],[-144.38789368  -48.86980438]
12,15.79483033942454,15.105163575895501,14.919830323297536,[-98.46864319 -48.8689003 ],[-114.26347351  -48.86963654],[-129.36863708  -48.8698616 ],[-144.28846741  -48.86968613]
13,15.903038087198722,15.190795902146656,14.938079840425935,[-98.14409637 -48.86832809],[-114.0471344   -48.86973572],[-129.2379303   -48.87007141],[-144.17601013  -48.86963272]
14,16.00957503113725,15.28450775146532,14.96281433227036,[-97.78945923 -48.86771393],[-113.79903412  -48.86983871],[-129.08354187  -48.86984253],[-144.0463562   -48.86965179]
15,16.117157228296914,15.383354191647356,14.993041992467026,[-97.4056015  -48.86712646],[-113.52275848  -48.86994171],[-128.90611267  -48.86956406],[-143.89915466  -48.86965561]
16,16.221023935929782,15.485649117449764,15.038009644578489,[-96.99347687 -48.86654282],[-113.21450043  -48.87003708],[-128.70014954  -48.86952209],[-143.73815918  -48.86969757]
17,16.31913046871872,15.59812165247218,15.090576172338348,[-96.55281067 -48.86600113],[-112.87194061  -48.87014008],[-128.47006226  -48.86959839],[-143.56063843  -48.86971664]
18,16.413017958978237,15.716926579523435,15.150543213144674,[-96.08447266 -48.86549759],[-112.49748993  -48.87024307],[-128.2144165   -48.86985397],[-143.36495972  -48.86976624]
19,16.502854244174706,15.837654114034152,15.222755438671781,[-95.58874512 -48.86505127],[-112.09159851  -48.87034988],[-127.92925262  -48.87025833],[-143.15200806  -48.86981201]
20,16.582230621357564,15.96074676820196,15.30480959701543,[-95.07236481 -48.86467361],[-111.65459442  -48.87045288],[-127.61534119  -48.87076569],[-142.92015076  -48.8698616 ]
21,16.62860985761454,16.08414461185642,15.395500250632857,[-94.55971527 -48.86436462],[-111.18832397  -48.87055969],[-127.27246857  -48.87135315],[-142.66796875  -48.86991119]
22,16.641877485720478,16.203125051300876,15.496635561056637,[-94.05445099 -48.86414337],[-110.69632721  -48.87063217],[-126.89945221  -48.87192154],[-142.39608765  -48.86996078]
23,16.63506451548034,16.310775856637612,15.608253677170772,[-93.5513916  -48.86400604],[-110.18645477  -48.87069321],[-126.49723053  -48.87249756],[-142.10548401  -48.87001038]
24,16.631135425583775,16.38526169710693,15.724113747323578,[-93.05050659 -48.86394119],[-109.68164062  -48.87074661],[-126.06690216  -48.87304688],[-141.79101562  -48.87006378]
25,16.61660145690577,16.44281028926237,15.83923377383628,[-92.55242157 -48.86393356],[-109.16902161  -48.87080383],[-125.61183167  -48.87355804],[-141.45106506  -48.87010956]
26,16.572267052248876,16.50235778591755,15.951973428554721,[-92.05969238 -48.86398697],[-108.63195801  -48.87086487],[-125.13431549  -48.87402725],[-141.08628845  -48.87016678]
27,16.501557790375163,16.555733111257513,16.063042248127772,[-91.57566833 -48.86408997],[-108.07722473  -48.8708725 ],[-124.63295746  -48.87443924],[-140.69599915  -48.87019348]
28,16.41426221402751,16.606049040730987,16.158478418713415,[-91.10110474 -48.86422729],[-107.5153656   -48.87088394],[-124.12141418  -48.87477875],[-140.27989197  -48.87024689]
29,16.31108985420152,16.666451022027967,16.226074928389817,[-90.63598633 -48.86439514],[-106.94707489  -48.87088776],[-123.61352539  -48.87505722],[-139.83959961  -48.87025833]
30,16.192704474838834,16.714920614630792,16.291184241637566,[-90.18006897 -48.86459351],[-106.37277222  -48.8708992 ],[-123.08769226  -48.87526703],[-139.37887573  -48.87025833]
31,16.063142011389328,16.735077517910963,16.366181212250503,[-89.73304749 -48.86481476],[-105.79618835  -48.8708725 ],[-122.53126526  -48.87540436],[-138.89744568  -48.87031174]
32,15.925896747844275,16.73314731149207,16.438958025789493,[-89.29460907 -48.8650322 ],[-105.22050476  -48.87083435],[-121.95365143  -48.87547684],[-138.39260864  -48.87031174]
33,15.783135412391085,16.713303269859015,16.5197685663115,[-88.86447144 -48.86530304],[-104.6476059   -48.87078476],[-121.36090851  -48.87547302],[-137.88067627  -48.87031555]
34,15.636925597966087,16.672470743384633,16.619553390217852,[-88.44245148 -48.86557388],[-104.07937622  -48.8707428 ],[-120.75184631  -48.87540054],[-137.37139893  -48.87031555]
35,15.489441675606924,16.610642107105356,16.714066282927288,[-88.02822876 -48.86585236],[-103.51766968  -48.87069702],[-120.12831116  -48.87526321],[-136.84237671  -48.87031937]
36,15.342583367442952,16.53063260824931,16.784691526693372,[-87.62155914 -48.86613083],[-102.96414185  -48.87064743],[-119.49477386  -48.87506104],[-136.27946472  -48.87031937]
37,15.197868926453717,16.434082568910203,16.836586595174452,[-87.22219849 -48.8664093 ],[-102.42006683  -48.87060547],[-118.85414886  -48.87480927],[-135.69073486  -48.870327  ]
38,15.056709785433506,16.32214403498206,16.87388662825044,[-86.82988739 -48.86669159],[-101.88659668  -48.87055588],[-118.20874023  -48.87451553],[-135.08262634  -48.870327  ]
39,14.920273244398928,16.196632805320725,16.895599807146017,[-86.44441986 -48.86697769],[-101.36469269  -48.87050629],[-117.56132507  -48.8741951 ],[-134.45692444  -48.87033081]
40,14.789604534141741,16.059624077129776,16.895645509272512,[-86.06555176 -48.86725998],[-100.85515594  -48.87046432],[-116.91477966  -48.87385941],[-133.8104248   -48.87033463]
41,14.657989782658953,15.920494375013801,16.872436816945708,[-85.69309235 -48.86754608],[-100.35108185  -48.87041473],[-116.27157593  -48.87348175],[-133.14401245  -48.87033463]
42,14.551376562566075,15.755630730570605,16.828224412536926,[-85.32685089 -48.867836  ],[-99.87822723 -48.87036514],[-115.63385773  -48.87310028],[-132.46208191  -48.87031555]
43,14.524727033297724,15.513641549525854,16.762474245146652,[-84.96659851 -48.8681221 ],[-99.49132538 -48.87031555],[-115.00496674  -48.87275696],[-131.7674408   -48.87026596]
44,14.483329891606468,15.29695907517836,16.670013567560098,[-84.61219788 -48.86841202],[-99.09552765 -48.87026596],[-114.39248657  -48.87242126],[-131.0625      -48.87026215]
45,14.441093529519224,15.093704337960718,16.55240641063139,[-84.26345825 -48.86865616],[-98.7045517  -48.87022018],[-113.79825592  -48.87207794],[-130.35066223  -48.87026215]
46,14.394187983298139,14.907867516509167,16.41272742512477,[-83.92019653 -48.8689003 ],[-98.31438446 -48.87017059],[-113.22225189  -48.87176132],[-129.63497925  -48.87025452]
47,14.341064486374774,14.741455139280445,16.25517277823678,[-83.58226013 -48.86914444],[-97.92332458 -48.870121  ],[-112.66477966  -48.87146378],[-128.91995239  -48.87020493]
48,14.285675065698788,14.59050754754555,16.08329012974564,[-83.24951172 -48.86938858],[-97.53518677 -48.87008286],[-112.12569427  -48.87116623],[-128.20898438  -48.87018967]
49,14.225906378035962,14.453743006896529,15.900642411365064,[-82.92501831 -48.86963272],[-97.15092468 -48.87004471],[-111.60466766  -48.87091064],[-127.50531006  -48.87018967]
50,14.155578614725075,14.329612745259162,15.710906989542732,[-82.61528778 -48.86984253],[-96.77086639 -48.87004471],[-111.10047913  -48.87066269],[-126.81138611  -48.87018967]
51,14.075317382875049,14.203117376804043,15.529548647185983,[-82.32215881 -48.87003708],[-96.3974762  -48.86999512],[-110.60059357  -48.87041473],[-126.13014221  -48.87015533]
52,13.98688507299862,14.080322267363336,15.350189209077278,[-82.04594421 -48.87023163],[-96.03282928 -48.86998367],[-110.11315155  -48.87020493],[-125.46334076  -48.87015152]
53,13.891922003877028,13.964996337898961,15.168281555943272,[-81.78640747 -48.87041855],[-95.67832947 -48.86998367],[-109.64332581  -48.86999893],[-124.81160736  -48.87015152]
54,13.792373671938982,13.852470398592645,14.98852539380994,[-81.54319763 -48.87057114],[-95.33557129 -48.86993408],[-109.18804169  -48.86980057],[-124.17656708  -48.87010956]
55,13.690155051632058,13.744102481248138,14.809562689268352,[-81.31588745 -48.87071609],[-95.00604248 -48.86993408],[-108.75014496  -48.86963654],[-123.55970764  -48.87006378]
56,13.586761506491985,13.639419562966468,14.631721507621986,[-81.10405731 -48.87086487],[-94.69081879 -48.86993408],[-108.33023834  -48.86948776],[-122.96195984  -48.87005615]
57,13.483306926470165,13.53787232770078,14.456207293179624,[-80.90725708 -48.87099457],[-94.39056396 -48.86993408],[-107.92843628  -48.86933517],[-122.38464355  -48.87005234]
58,13.380668690720585,13.439209004751046,14.284057642974664,[-80.72504425 -48.87109756],[-94.10571289 -48.86993408],[-107.54492188  -48.86919403],[-121.82897949  -48.87005234]
59,13.1852798971888,13.343124416281258,14.116088899919825,[-80.65135193 -48.87109375],[-93.83663177 -48.86993408],[-107.17975616  -48.86909103],[-121.29584503  -48.87005234]
60,12.935546926981946,13.24613193075614,13.952980082386576,[-80.65126801 -48.87109375],[-93.58681488 -48.86993408],[-106.83294678  -48.86898804],[-120.78592682  -48.87005615]
61,12.712547355139892,13.141395610718726,13.787574817803343,[-80.65105438 -48.87109375],[-93.36360168 -48.86993408],[-106.50499725  -48.86888504],[-120.29257202  -48.87005615]
62,12.513328605981988,13.03227238978666,13.61716467142329,[-80.65091705 -48.87109375],[-93.16424561 -48.86993408],[-106.19651794  -48.86878204],[-119.81368256  -48.87005615]
63,12.422294670828904,12.834762631292195,13.447616644187844,[-80.65091705 -48.87109375],[-93.07321167 -48.86993408],[-105.90797424  -48.86871338],[-119.35559082  -48.87005615]
64,12.41767125776312,12.574562137303012,13.277870251627364,[-80.65081024 -48.87109375],[-93.06848145 -48.86993408],[-105.64304352  -48.86865997],[-118.9209137   -48.87005615]
65,12.416114859518716,12.341812206835082,13.101562579771082,[-80.65077972 -48.87109375],[-93.06689453 -48.86995316],[-105.40870667  -48.86861038],[-118.51026917  -48.87005615]
66,12.41423039907745,12.136856159407218,12.922821131881554,[-80.65075684 -48.87109375],[-93.06498718 -48.86995316],[-105.20184326  -48.86855698],[-118.12466431  -48.87005615]
67,12.414291434233443,12.059272849158926,12.640297027215038,[-80.65074921 -48.87109375],[-93.06504059 -48.86995316],[-105.12431335  -48.8685379 ],[-117.76461029  -48.87005615]
68,12.414238028471948,12.055076682195645,12.314193819180437,[-80.65074921 -48.87109375],[-93.06498718 -48.86995316],[-105.12006378  -48.8685379 ],[-117.43425751  -48.87005615]
69,12.414215140288452,12.054229819408512,12.021110630544367,[-80.65074158 -48.87109375],[-93.06495667 -48.86995316],[-105.1191864  -48.8685379],[-117.14029694  -48.87005615]
70,12.414199881499453,12.052337729577806,11.761993506191684,[-80.65074158 -48.87109375],[-93.06494141 -48.86995316],[-105.11727905  -48.8685379 ],[-116.87927246  -48.87005615]
71,12.414184622710454,12.052406394128113,11.534141640451624,[-80.65074158 -48.87109375],[-93.06492615 -48.86995316],[-105.11733246  -48.8685379 ],[-116.651474    -48.87005615]
72,12.414184622710454,12.052352988366763,11.383300882498382,[-80.65074158 -48.87109375],[-93.06492615 -48.86995316],[-105.11727905  -48.8685379 ],[-116.50057983  -48.87005615]
73,12.414176993315955,12.052337729577806,11.376533610630126,[-80.65074158 -48.87109375],[-93.06491852 -48.86995316],[-105.11725616  -48.8685379 ],[-116.49378967  -48.87006378]
74,12.414176993315955,12.05231484139437,11.375618083294611,[-80.65074158 -48.87109375],[-93.06491852 -48.86995316],[-105.11723328  -48.8685379 ],[-116.49285126  -48.87006378]
75,12.414176993315955,12.05230721199989,11.375419719038582,[-80.65074158 -48.87109375],[-93.06491852 -48.86995316],[-105.11722565  -48.8685379 ],[-116.49264526  -48.87006378]
76,12.414176993315955,12.05230721199989,11.375290019332718,[-80.65074158 -48.87109375],[-93.06491852 -48.86995316],[-105.11722565  -48.8685379 ],[-116.49251556  -48.87006378]
77,12.414176993315955,12.052299582605412,11.375228984177017,[-80.65074158 -48.87109375],[-93.06491852 -48.86995316],[-105.11721802  -48.8685379 ],[-116.4924469   -48.87006378]
78,12.414176993315955,12.052299582605412,11.375213725388093,[-80.65074158 -48.87109375],[-93.06491852 -48.86995316],[-105.11721802  -48.8685379 ],[-116.49243164  -48.87006378]
79,12.414176993315955,12.052299582605412,11.375183207810242,[-80.65074158 -48.87109375],[-93.06491852 -48.86995316],[-105.11721802  -48.8685379 ],[-116.49240112  -48.87006378]
80,12.414176993315955,12.052299582605412,11.37517557841578,[-80.65074158 -48.87109375],[-93.06491852 -48.86995316],[-105.11721802  -48.8685379 ],[-116.49239349  -48.87006378]
81,12.414176993315955,12.052299582605412,11.375160319626854,[-80.65074158 -48.87109375],[-93.06491852 -48.86995316],[-105.11721802  -48.8685379 ],[-116.49237823  -48.87006378]
82,12.414176993315955,12.052299582605412,11.375160319626854,[-80.65074158 -48.87109375],[-93.06491852 -48.86995316],[-105.11721802  -48.8685379 ],[-116.49237823  -48.87006378]
83,12.414176993315955,12.052299582605412,11.375152690232392,[-80.65074158 -48.87109375],[-93.06491852 -48.86995316],[-105.11721802  -48.8685379 ],[-116.49237061  -48.87006378]
84,12.414176993315955,12.052299582605412,11.375152690232392,[-80.65074158 -48.87109375],[-93.06491852 -48.86995316],[-105.11721802  -48.8685379 ],[-116.49237061  -48.87006378]
85,12.414176993315955,12.052299582605412,11.375152690232392,[-80.65074158 -48.87109375],[-93.06491852 -48.86995316],[-105.11721802  -48.8685379 ],[-116.49237061  -48.87006378]
86,12.414176993315955,12.052299582605412,11.375152690232392,[-80.65074158 -48.87109375],[-93.06491852 -48.86995316],[-105.11721802  -48.8685379 ],[-116.49237061  -48.87006378]
87,12.414176993315955,12.052299582605412,11.375152690232392,[-80.65074158 -48.87109375],[-93.06491852 -48.86995316],[-105.11721802  -48.8685379 ],[-116.49237061  -48.87006378]
88,12.414176993315955,12.052299582605412,11.375152690232392,[-80.65074158 -48.87109375],[-93.06491852 -48.86995316],[-105.11721802  -48.8685379 ],[-116.49237061  -48.87006378]
89,12.414176993315955,12.052299582605412,11.375152690232392,[-80.65074158 -48.87109375],[-93.06491852 -48.86995316],[-105.11721802  -48.8685379 ],[-116.49237061  -48.87006378]
90,12.414176993315955,12.052299582605412,11.375152690232392,[-80.65074158 -48.87109375],[-93.06491852 -48.86995316],[-105.11721802  -48.8685379 ],[-116.49237061  -48.87006378]
91,12.414176993315955,12.052299582605412,11.375152690232392,[-80.65074158 -48.87109375],[-93.06491852 -48.86995316],[-105.11721802  -48.8685379 ],[-116.49237061  -48.87006378]
92,12.414176993315955,12.052299582605412,11.375152690232392,[-80.65074158 -48.87109375],[-93.06491852 -48.86995316],[-105.11721802  -48.8685379 ],[-116.49237061  -48.87006378]
93,12.414176993315955,12.052299582605412,11.375152690232392,[-80.65074158 -48.87109375],[-93.06491852 -48.86995316],[-105.11721802  -48.8685379 ],[-116.49237061  -48.87006378]
94,12.414176993315955,12.052299582605412,11.375152690232392,[-80.65074158 -48.87109375],[-93.06491852 -48.86995316],[-105.11721802  -48.8685379 ],[-116.49237061  -48.87006378]
95,12.414176993315955,12.052299582605412,11.375152690232392,[-80.65074158 -48.87109375],[-93.06491852 -48.86995316],[-105.11721802  -48.8685379 ],[-116.49237061  -48.87006378]
96,12.412513785315165,12.052299582605412,11.375152690232392,[-80.65240479 -48.87109375],[-93.06491852 -48.86995316],[-105.11721802  -48.8685379 ],[-116.49237061  -48.87006378]
97,12.41159825797528,12.052299582605412,11.375152690232392,[-80.65332031 -48.87109375],[-93.06491852 -48.86995316],[-105.11721802  -48.8685379 ],[-116.49237061  -48.87006378]
98,12.411300711589817,12.052299582605412,11.375152690232392,[-80.65361786 -48.87109375],[-93.06491852 -48.86995316],[-105.11721802  -48.8685379 ],[-116.49237061  -48.87006378]
99,12.411796622232256,12.052299582605412,11.375152690232392,[-80.65312195 -48.87109375],[-93.06491852 -48.86995316],[-105.11721802  -48.8685379 ],[-116.49237061  -48.87006378]
100,12.413360648104558,12.052299582605412,11.375152690232392,[-80.65155792 -48.87109375],[-93.06491852 -48.86995316],[-105.11721802  -48.8685379 ],[-116.49237061  -48.87006378]
101,12.418006959624487,12.052299582605412,11.375152690232392,[-80.64691162 -48.87120056],[-93.06491852 -48.86995316],[-105.11721802  -48.8685379 ],[-116.49237061  -48.87006378]
102,12.4289703931713,12.052299582605412,11.375152690232392,[-80.63594818 -48.87113571],[-93.06491852 -48.86995316],[-105.11721802  -48.8685379 ],[-116.49237061  -48.87006378]
103,12.446586671777586,12.052299582605412,11.375152690232392,[-80.61833191 -48.87120438],[-93.06491852 -48.86995316],[-105.11721802  -48.8685379 ],[-116.49237061  -48.87006378]
104,12.468910291239155,12.052299582605412,11.375152690232392,[-80.5960083  -48.87131119],[-93.06491852 -48.86995316],[-105.11721802  -48.8685379 ],[-116.49237061  -48.87006378]
105,12.496650753572812,12.052299582605412,11.375152690232392,[-80.56826782 -48.87115479],[-93.06491852 -48.86995316],[-105.11721802  -48.8685379 ],[-116.49237061  -48.87006378]
106,12.529312189595759,12.052299582605412,11.375152690232392,[-80.53560638 -48.87113571],[-93.06491852 -48.86995316],[-105.11721802  -48.8685379 ],[-116.49237061  -48.87006378]
107,12.565582333945327,12.052299582605412,11.375152690232392,[-80.49933624 -48.87116623],[-93.06491852 -48.86995316],[-105.11721802  -48.8685379 ],[-116.49237061  -48.87006378]
108,12.606170705896833,12.052299582605412,11.375152690232392,[-80.45874786 -48.87109375],[-93.06491852 -48.86995316],[-105.11721802  -48.8685379 ],[-116.49237061  -48.87006378]
109,12.649795573538565,12.052299582605412,11.375152690232392,[-80.41512299 -48.87097549],[-93.06491852 -48.86995316],[-105.11721802  -48.8685379 ],[-116.49237061  -48.87006378]
110,12.697723430135651,12.052299582605412,11.375152690232392,[-80.36719513 -48.87097931],[-93.06491852 -48.86995316],[-105.11721802  -48.8685379 ],[-116.49237061  -48.87006378]
111,12.748962454740045,12.052299582605412,11.375152690232392,[-80.31595612 -48.87110901],[-93.06491852 -48.86995316],[-105.11721802  -48.8685379 ],[-116.49237061  -48.87006378]
112,12.802238517572066,12.052299582605412,11.375152690232392,[-80.26268005 -48.87112045],[-93.06491852 -48.86995316],[-105.11721802  -48.8685379 ],[-116.49237061  -48.87006378]
113,12.859581068618649,12.052299582605412,11.375152690232392,[-80.20533752 -48.87134171],[-93.06491852 -48.86995316],[-105.11721802  -48.8685379 ],[-116.49237061  -48.87006378]
114,12.919464184722042,12.052299582605412,11.375152690232392,[-80.14545441 -48.87133026],[-93.06491852 -48.86995316],[-105.11721802  -48.8685379 ],[-116.49237061  -48.87006378]
115,12.981979448094256,12.052299582605412,11.375152690232392,[-80.08293915 -48.87137604],[-93.06491852 -48.86995316],[-105.11721802  -48.8685379 ],[-116.49237061  -48.87006378]
116,13.04822547310615,12.052299582605412,11.375152690232392,[-80.01669312 -48.87130737],[-93.06491852 -48.86995316],[-105.11721802  -48.8685379 ],[-116.49237061  -48.87006378]
117,13.118438807240198,12.052299582605412,11.375152690232392,[-79.9464798  -48.87145996],[-93.06491852 -48.86995316],[-105.11721802  -48.8685379 ],[-116.49237061  -48.87006378]
118,13.191467424152949,12.052299582605412,11.375152690232392,[-79.87345123 -48.87186813],[-93.06491852 -48.86995316],[-105.11721802  -48.8685379 ],[-116.49237061  -48.87006378]
119,13.26721205951626,12.052299582605412,11.375152690232392,[-79.7977066  -48.87191772],[-93.06491852 -48.86995316],[-105.11721802  -48.8685379 ],[-116.49237061  -48.87006378]
120,13.34493270528651,12.052299582605412,11.375152690232392,[-79.71998596 -48.87194824],[-93.06491852 -48.86995316],[-105.11721802  -48.8685379 ],[-116.49237061  -48.87006378]
121,13.42519394407271,12.052299582605412,11.375152690232392,[-79.63972473 -48.87200928],[-93.06491852 -48.86995316],[-105.11721802  -48.8685379 ],[-116.49237061  -48.87006378]
122,13.50740831710185,12.052299582605412,11.375152690232392,[-79.55751038 -48.87212753],[-93.06491852 -48.86995316],[-105.11721802  -48.8685379 ],[-116.49237061  -48.87006378]
123,13.59183521533015,12.052299582605412,11.375152690232392,[-79.4730835  -48.87224579],[-93.06491852 -48.86995316],[-105.11721802  -48.8685379 ],[-116.49237061  -48.87006378]
124,13.680847381743142,12.052299582605412,11.375152690232392,[-79.38407135 -48.87237167],[-93.06491852 -48.86995316],[-105.11721802  -48.8685379 ],[-116.49237061  -48.87006378]
125,13.772598511602926,12.052299582605412,11.375152690232392,[-79.29232025 -48.87255096],[-93.06491852 -48.86995316],[-105.11721802  -48.8685379 ],[-116.49237061  -48.87006378]
126,13.867302209900595,12.052299582605412,11.375152690232392,[-79.19761658 -48.87268448],[-93.06491852 -48.86995316],[-105.11721802  -48.8685379 ],[-116.49237061  -48.87006378]
127,13.964233700977637,12.052299582605412,11.375152690232392,[-79.10068512 -48.87285995],[-93.06491852 -48.86995316],[-105.11721802  -48.8685379 ],[-116.49237061  -48.87006378]
128,14.063331930995204,12.052299582605412,11.375152690232392,[-79.00158691 -48.87298584],[-93.06491852 -48.86995316],[-105.11721802  -48.8685379 ],[-116.49237061  -48.87006378]
129,14.164627437641538,12.052299582605412,11.375152690232392,[-78.90029144 -48.8731575 ],[-93.06491852 -48.86995316],[-105.11721802  -48.8685379 ],[-116.49237061  -48.87006378]
130,14.26806679757108,12.052299582605412,11.375152690232392,[-78.79685211 -48.87329483],[-93.06491852 -48.86995316],[-105.11721802  -48.8685379 ],[-116.49237061  -48.87006378]
131,14.373588988601362,12.052299582605412,11.375152690232392,[-78.69132996 -48.87345505],[-93.06491852 -48.86995316],[-105.11721802  -48.8685379 ],[-116.49237061  -48.87006378]
132,14.481094820515569,12.052299582605412,11.375152690232392,[-78.58382416 -48.87360382],[-93.06491852 -48.86995316],[-105.11721802  -48.8685379 ],[-116.49237061  -48.87006378]
133,14.590462227643352,12.052299582605412,11.375152690232392,[-78.47445679 -48.87376022],[-93.06491852 -48.86995316],[-105.11721802  -48.8685379 ],[-116.49237061  -48.87006378]
134,14.701607282698077,12.052299582605412,11.375152690232392,[-78.36331177 -48.873909  ],[-93.06491852 -48.86995316],[-105.11721802  -48.8685379 ],[-116.49237061  -48.87006378]
135,14.814453695744913,12.052299582605412,11.375152690232392,[-78.25046539 -48.8740654 ],[-93.06491852 -48.86995316],[-105.11721802  -48.8685379 ],[-116.49237061  -48.87006378]
136,14.928902281543651,12.052299582605412,11.375152690232392,[-78.13601685 -48.87421799],[-93.06491852 -48.86995316],[-105.11721802  -48.8685379 ],[-116.49237061  -48.87006378]
137,15.04489200705471,12.052299582605412,11.375152690232392,[-78.02002716 -48.87437439],[-93.06491852 -48.86995316],[-105.11721802  -48.8685379 ],[-116.49237061  -48.87006378]
138,15.162338947849324,12.052299582605412,11.375152690232392,[-77.90258026 -48.87453079],[-93.06491852 -48.86995316],[-105.11721802  -48.8685379 ],[-116.49237061  -48.87006378]
139,15.281159179377147,12.052299582605412,11.375152690232392,[-77.78376007 -48.87468338],[-93.06491852 -48.86995316],[-105.11721802  -48.8685379 ],[-116.49237061  -48.87006378]
140,15.401284038181934,12.052299582605412,11.375152690232392,[-77.66363525 -48.87483597],[-93.06491852 -48.86995316],[-105.11721802  -48.8685379 ],[-116.49237061  -48.87006378]
141,15.52263723153089,12.052299582605412,11.375152690232392,[-77.5422821  -48.87499237],[-93.06491852 -48.86995316],[-105.11721802  -48.8685379 ],[-116.49237061  -48.87006378]
142,15.645142460476267,12.052299582605412,11.375152690232392,[-77.41977692 -48.87513733],[-93.06491852 -48.86995316],[-105.11721802  -48.8685379 ],[-116.49237061  -48.87006378]
143,15.672402297036628,12.052299582605412,11.375152690232392,[-77.39251709 -48.87517166],[-93.06491852 -48.86995316],[-105.11721802  -48.8685379 ],[-116.49237061  -48.87006378]
144,15.67248622037182,12.052299582605412,11.375152690232392,[-77.39243317 -48.87517166],[-93.06491852 -48.86995316],[-105.11721802  -48.8685379 ],[-116.49237061  -48.87006378]
145,15.672608290677552,12.052299582605412,11.375152690232392,[-77.3923111  -48.87517166],[-93.06491852 -48.86995316],[-105.11721802  -48.8685379 ],[-116.49237061  -48.87006378]
146,15.672692214012743,12.052299582605412,11.375152690232392,[-77.39222717 -48.87517166],[-93.06491852 -48.86995316],[-105.11721802  -48.8685379 ],[-116.49237061  -48.87006378]
147,15.672722731589177,12.052299582605412,11.375152690232392,[-77.39219666 -48.87517166],[-93.06491852 -48.86995316],[-105.11721802  -48.8685379 ],[-116.49237061  -48.87006378]
148,15.672745619771502,12.052299582605412,11.375152690232392,[-77.39217377 -48.87517166],[-93.06491852 -48.86995316],[-105.11721802  -48.8685379 ],[-116.49237061  -48.87006378]
149,15.672768507953826,12.052299582605412,11.375152690232392,[-77.39215088 -48.87517166],[-93.06491852 -48.86995316],[-105.11721802  -48.8685379 ],[-116.49237061  -48.87006378]
150,15.672776137347935,12.052299582605412,11.375152690232392,[-77.39214325 -48.87517166],[-93.06491852 -48.86995316],[-105.11721802  -48.8685379 ],[-116.49237061  -48.87006378]
151,15.672783766742043,12.052299582605412,11.375152690232392,[-77.39213562 -48.87517166],[-93.06491852 -48.86995316],[-105.11721802  -48.8685379 ],[-116.49237061  -48.87006378]
152,15.672783766742043,12.052299582605412,11.375152690232392,[-77.39213562 -48.87517166],[-93.06491852 -48.86995316],[-105.11721802  -48.8685379 ],[-116.49237061  -48.87006378]
153,15.672783766742043,12.052299582605412,11.375152690232392,[-77.39213562 -48.87517166],[-93.06491852 -48.86995316],[-105.11721802  -48.8685379 ],[-116.49237061  -48.87006378]
154,15.672783766742043,12.052299582605412,11.375152690232392,[-77.39213562 -48.87517166],[-93.06491852 -48.86995316],[-105.11721802  -48.8685379 ],[-116.49237061  -48.87006378]
155,15.672783766742043,12.052299582605412,11.375152690232392,[-77.39213562 -48.87517166],[-93.06491852 -48.86995316],[-105.11721802  -48.8685379 ],[-116.49237061  -48.87006378]
156,15.672783766742043,12.052299582605412,11.375152690232392,[-77.39213562 -48.87517166],[-93.06491852 -48.86995316],[-105.11721802  -48.8685379 ],[-116.49237061  -48.87006378]
157,15.672783766742043,12.052299582605412,11.375152690232392,[-77.39213562 -48.87517166],[-93.06491852 -48.86995316],[-105.11721802  -48.8685379 ],[-116.49237061  -48.87006378]
158,15.672783766742043,12.052299582605412,11.375152690232392,[-77.39213562 -48.87517166],[-93.06491852 -48.86995316],[-105.11721802  -48.8685379 ],[-116.49237061  -48.87006378]
159,15.672783766742043,12.052299582605412,11.375152690232392,[-77.39213562 -48.87517166],[-93.06491852 -48.86995316],[-105.11721802  -48.8685379 ],[-116.49237061  -48.87006378]
160,15.672783766742043,12.052299582605412,11.375152690232392,[-77.39213562 -48.87517166],[-93.06491852 -48.86995316],[-105.11721802  -48.8685379 ],[-116.49237061  -48.87006378]
161,15.672783766742043,12.052299582605412,11.375152690232392,[-77.39213562 -48.87517166],[-93.06491852 -48.86995316],[-105.11721802  -48.8685379 ],[-116.49237061  -48.87006378]
162,15.672783766742043,12.052299582605412,11.375152690232392,[-77.39213562 -48.87517166],[-93.06491852 -48.86995316],[-105.11721802  -48.8685379 ],[-116.49237061  -48.87006378]
163,15.672783766742043,12.052299582605412,11.375152690232392,[-77.39213562 -48.87517166],[-93.06491852 -48.86995316],[-105.11721802  -48.8685379 ],[-116.49237061  -48.87006378]
164,15.672783766742043,12.052299582605412,11.375152690232392,[-77.39213562 -48.87517166],[-93.06491852 -48.86995316],[-105.11721802  -48.8685379 ],[-116.49237061  -48.87006378]
165,15.672783766742043,12.052299582605412,11.375152690232392,[-77.39213562 -48.87517166],[-93.06491852 -48.86995316],[-105.11721802  -48.8685379 ],[-116.49237061  -48.87006378]
166,15.672783766742043,12.052299582605412,11.375152690232392,[-77.39213562 -48.87517166],[-93.06491852 -48.86995316],[-105.11721802  -48.8685379 ],[-116.49237061  -48.87006378]
167,15.672783766742043,12.052299582605412,11.375152690232392,[-77.39213562 -48.87517166],[-93.06491852 -48.86995316],[-105.11721802  -48.8685379 ],[-116.49237061  -48.87006378]
168,15.672783766742043,12.052299582605412,11.375152690232392,[-77.39213562 -48.87517166],[-93.06491852 -48.86995316],[-105.11721802  -48.8685379 ],[-116.49237061  -48.87006378]
169,15.672783766742043,12.052299582605412,11.375152690232392,[-77.39213562 -48.87517166],[-93.06491852 -48.86995316],[-105.11721802  -48.8685379 ],[-116.49237061  -48.87006378]
170,15.672783766742043,12.052299582605412,11.375152690232392,[-77.39213562 -48.87517166],[-93.06491852 -48.86995316],[-105.11721802  -48.8685379 ],[-116.49237061  -48.87006378]
171,15.672783766742043,12.052299582605412,11.375152690232392,[-77.39213562 -48.87517166],[-93.06491852 -48.86995316],[-105.11721802  -48.8685379 ],[-116.49237061  -48.87006378]
172,15.672783766742043,12.052299582605412,11.375152690232392,[-77.39213562 -48.87517166],[-93.06491852 -48.86995316],[-105.11721802  -48.8685379 ],[-116.49237061  -48.87006378]
173,15.672783766742043,12.052299582605412,11.375152690232392,[-77.39213562 -48.87517166],[-93.06491852 -48.86995316],[-105.11721802  -48.8685379 ],[-116.49237061  -48.87006378]
174,15.672783766742043,12.052299582605412,11.375152690232392,[-77.39213562 -48.87517166],[-93.06491852 -48.86995316],[-105.11721802  -48.8685379 ],[-116.49237061  -48.87006378]
175,15.672783766742043,12.052299582605412,11.375152690232392,[-77.39213562 -48.87517166],[-93.06491852 -48.86995316],[-105.11721802  -48.8685379 ],[-116.49237061  -48.87006378]
176,15.672783766742043,12.052299582605412,11.375152690232392,[-77.39213562 -48.87517166],[-93.06491852 -48.86995316],[-105.11721802  -48.8685379 ],[-116.49237061  -48.87006378]
177,15.672783766742043,12.052299582605412,11.375152690232392,[-77.39213562 -48.87517166],[-93.06491852 -48.86995316],[-105.11721802  -48.8685379 ],[-116.49237061  -48.87006378]
178,15.672783766742043,12.052299582605412,11.375152690232392,[-77.39213562 -48.87517166],[-93.06491852 -48.86995316],[-105.11721802  -48.8685379 ],[-116.49237061  -48.87006378]
179,15.672783766742043,12.052299582605412,11.375152690232392,[-77.39213562 -48.87517166],[-93.06491852 -48.86995316],[-105.11721802  -48.8685379 ],[-116.49237061  -48.87006378]
180,15.672783766742043,12.052299582605412,11.375152690232392,[-77.39213562 -48.87517166],[-93.06491852 -48.86995316],[-105.11721802  -48.8685379 ],[-116.49237061  -48.87006378]
181,15.672783766742043,12.052299582605412,11.375152690232392,[-77.39213562 -48.87517166],[-93.06491852 -48.86995316],[-105.11721802  -48.8685379 ],[-116.49237061  -48.87006378]
182,15.672783766742043,12.052299582605412,11.375152690232392,[-77.39213562 -48.87517166],[-93.06491852 -48.86995316],[-105.11721802  -48.8685379 ],[-116.49237061  -48.87006378]
183,15.672783766742043,12.052299582605412,11.375152690232392,[-77.39213562 -48.87517166],[-93.06491852 -48.86995316],[-105.11721802  -48.8685379 ],[-116.49237061  -48.87006378]
184,15.672783766742043,12.052299582605412,11.375152690232392,[-77.39213562 -48.87517166],[-93.06491852 -48.86995316],[-105.11721802  -48.8685379 ],[-116.49237061  -48.87006378]
185,15.672783766742043,12.052299582605412,11.375152690232392,[-77.39213562 -48.87517166],[-93.06491852 -48.86995316],[-105.11721802  -48.8685379 ],[-116.49237061  -48.87006378]
186,15.672783766742043,12.052299582605412,11.375152690232392,[-77.39213562 -48.87517166],[-93.06491852 -48.86995316],[-105.11721802  -48.8685379 ],[-116.49237061  -48.87006378]
187,15.672783766742043,12.052299582605412,11.375152690232392,[-77.39213562 -48.87517166],[-93.06491852 -48.86995316],[-105.11721802  -48.8685379 ],[-116.49237061  -48.87006378]
188,15.672783766742043,12.052299582605412,11.375152690232392,[-77.39213562 -48.87517166],[-93.06491852 -48.86995316],[-105.11721802  -48.8685379 ],[-116.49237061  -48.87006378]
189,15.672783766742043,12.052299582605412,11.375152690232392,[-77.39213562 -48.87517166],[-93.06491852 -48.86995316],[-105.11721802  -48.8685379 ],[-116.49237061  -48.87006378]
190,15.672783766742043,12.052299582605412,11.375152690232392,[-77.39213562 -48.87517166],[-93.06491852 -48.86995316],[-105.11721802  -48.8685379 ],[-116.49237061  -48.87006378]
191,15.671120558826438,12.052299582605412,11.375152690232392,[-77.39379883 -48.87517166],[-93.06491852 -48.86995316],[-105.11721802  -48.8685379 ],[-116.49237061  -48.87006378]
192,15.670212660927561,12.052299582605412,11.375152690232392,[-77.39470673 -48.87517166],[-93.06491852 -48.86995316],[-105.11721802  -48.8685379 ],[-116.49237061  -48.87006378]
193,15.669907485163233,12.052299582605412,11.375152690232392,[-77.3950119  -48.87517166],[-93.06491852 -48.86995316],[-105.11721802  -48.8685379 ],[-116.49237061  -48.87006378]
194,15.670403395780266,12.052299582605412,11.375152690232392,[-77.39451599 -48.87517166],[-93.06491852 -48.86995316],[-105.11721802  -48.8685379 ],[-116.49237061  -48.87006378]
195,15.671967421572454,12.052299582605412,11.375152690232392,[-77.39295197 -48.87517166],[-93.06491852 -48.86995316],[-105.11721802  -48.8685379 ],[-116.49237061  -48.87006378]
196,15.676628962429321,12.052299582605412,11.375152690232392,[-77.38829041 -48.87511444],[-93.06491852 -48.86995316],[-105.11721802  -48.8685379 ],[-116.49237061  -48.87006378]
197,15.68834006368002,12.052299582605412,11.375152690232392,[-77.37657928 -48.87505722],[-93.06491852 -48.86995316],[-105.11721802  -48.8685379 ],[-116.49237061  -48.87006378]
198,15.7055824783711,12.052299582605412,11.375152690232392,[-77.35933685 -48.87500763],[-93.06491852 -48.86995316],[-105.11721802  -48.8685379 ],[-116.49237061  -48.87006378]
199,15.72600638869424,12.052299582605412,11.375152690232392,[-77.33891296 -48.87507629],[-93.06491852 -48.86995316],[-105.11721802  -48.8685379 ],[-116.49237061  -48.87006378]
200,15.7513435991624,12.052749716879653,11.375152690232392,[-77.31312561 -48.87505341],[-93.06446838 -48.86995316],[-105.11721802  -48.8685379 ],[-116.49237061  -48.87006378]
201,15.783730389625902,12.052238547449583,11.375152690232392,[-77.28125    -48.87509155],[-93.06497955 -48.86995316],[-105.11721802  -48.8685379 ],[-116.49237061  -48.87006378]
202,15.818947685357195,12.05163582528577,11.375152690232392,[-77.24663544 -48.8751297 ],[-93.06558228 -48.86995316],[-105.11721802  -48.8685379 ],[-116.49237061  -48.87006378]
203,15.85810179940879,12.051025473727478,11.375152690232392,[-77.20809174 -48.87532043],[-93.06619263 -48.86995316],[-105.11721802  -48.8685379 ],[-116.49237061  -48.87006378]
204,15.898407892282274,12.053489768144082,11.375152690232392,[-77.16532135 -48.87533188],[-93.06372833 -48.86995316],[-105.11721802  -48.8685379 ],[-116.49237061  -48.87006378]
205,15.94459631629556,12.053154074787022,11.375152690232392,[-77.11946869 -48.87554169],[-93.06406403 -48.86995316],[-105.11721802  -48.8685379 ],[-116.49237061  -48.87006378]
206,15.989258783819873,12.056152426817139,11.375152690232392,[-77.07180786 -48.87552643],[-93.06106567 -48.86995316],[-105.11721802  -48.8685379 ],[-116.49237061  -48.87006378]
207,16.04107765906182,12.055870139221428,11.375152690232392,[-77.0202713  -48.87561417],[-93.06134796 -48.86995316],[-105.11721802  -48.8685379 ],[-116.49237061  -48.87006378]
208,16.092721074959083,12.05947884280985,11.375152690232392,[-76.96501923 -48.87574768],[-93.05773926 -48.86995316],[-105.11721802  -48.8685379 ],[-116.49237061  -48.87006378]
209,16.14900314789044,12.06307991700381,11.375152690232392,[-76.90513611 -48.87583923],[-93.05413818 -48.86995316],[-105.11721802  -48.8685379 ],[-116.49237061  -48.87006378]
210,16.203873733163096,12.071624853263318,11.375152690232392,[-76.84172058 -48.87591171],[-93.04559326 -48.87007141],[-105.11721802  -48.8685379 ],[-116.49237061  -48.87006378]
211,16.247223979075134,12.094986074181106,11.375152690232392,[-76.77500916 -48.87610626],[-93.02223206 -48.87018585],[-105.11721802  -48.8685379 ],[-116.49237061  -48.87006378]
212,16.28312793949792,12.12812054169788,11.375152690232392,[-76.70597076 -48.87624741],[-92.9890976  -48.87023926],[-105.11721802  -48.8685379 ],[-116.49237061  -48.87006378]
213,16.316247192930266,12.167236453015848,11.375152690232392,[-76.63373566 -48.87643433],[-92.94998169 -48.87028122],[-105.11721802  -48.8685379 ],[-116.49237061  -48.87006378]
214,16.34422426548279,12.215187200994642,11.375152690232392,[-76.55780792 -48.87668228],[-92.90203094 -48.87030792],[-105.11721802  -48.8685379 ],[-116.49237061  -48.87006378]
215,16.36414471464511,12.273918267143472,11.375152690232392,[-76.47915649 -48.87685013],[-92.84329987 -48.87022018],[-105.11721802  -48.8685379 ],[-116.49237061  -48.87006378]
216,16.380769259799916,12.338150128439294,11.375152690232392,[-76.39830017 -48.87700272],[-92.77906799 -48.87014008],[-105.11721802  -48.8685379 ],[-116.49237061  -48.87006378]
217,16.390893467052564,12.410522549652958,11.375152690232392,[-76.31580353 -48.87688828],[-92.70669556 -48.87002182],[-105.11721802  -48.8685379 ],[-116.49237061  -48.87006378]
218,16.39424277895766,12.491722191041154,11.375152690232392,[-76.23125458 -48.87687302],[-92.62549591 -48.86998749],[-105.11721802  -48.8685379 ],[-116.49237061  -48.87006378]
219,16.390786636425712,12.582550127564284,11.375152690232392,[-76.14388275 -48.8767662 ],[-92.53466797 -48.86994553],[-105.11721802  -48.8685379 ],[-116.49237061  -48.87006378]
220,16.3828443345217,12.680908281250451,11.375152690232392,[-76.0534668  -48.87651443],[-92.43630981 -48.86994553],[-105.11721802  -48.8685379 ],[-116.49237061  -48.87006378]
221,16.368440026586885,12.787452775228418,11.375152690232392,[-75.9613266  -48.87648392],[-92.32976532 -48.86994553],[-105.11721802  -48.8685379 ],[-116.49237061  -48.87006378]
222,16.34914526808758,12.901420670051841,11.375152690232392,[-75.86665344 -48.87643051],[-92.21579742 -48.86994553],[-105.11721802  -48.8685379 ],[-116.49237061  -48.87006378]
223,16.32499824692794,13.022705154199953,11.375152690232392,[-75.76951599 -48.87645721],[-92.09451294 -48.86994553],[-105.11721802  -48.8685379 ],[-116.49237061  -48.87006378]
224,16.298432715640164,13.149772719382801,11.375152690232392,[-75.66901398 -48.87650299],[-91.96744537 -48.86994553],[-105.11721802  -48.8685379 ],[-116.49237061  -48.87006378]
225,16.271790903021902,13.279167249898677,11.375152690232392,[-75.56626129 -48.87657928],[-91.83805084 -48.86994553],[-105.11721802  -48.8685379 ],[-116.49237061  -48.87006378]
226,16.2414793398346,13.41429908508462,11.375152690232392,[-75.46144104 -48.87662506],[-91.70291901 -48.86994553],[-105.11721802  -48.8685379 ],[-116.49237061  -48.87006378]
227,16.209229921913188,13.55335242905346,11.375152690232392,[-75.35463715 -48.87669754],[-91.56386566 -48.86994553],[-105.11721802  -48.8685379 ],[-116.49237061  -48.87006378]
228,16.175797940364262,13.695480419017542,11.375152690232392,[-75.24594116 -48.87675095],[-91.42173767 -48.86994553],[-105.11721802  -48.8685379 ],[-116.49237061  -48.87006378]
229,16.14018395894931,13.841598582316411,11.375152690232392,[-75.13543701 -48.87681961],[-91.27561951 -48.86994553],[-105.11721802  -48.8685379 ],[-116.49237061  -48.87006378]
230,16.103059354705422,13.990951608896108,11.375152690232392,[-75.02320862 -48.87688065],[-91.12626648 -48.86994553],[-105.11721802  -48.8685379 ],[-116.49237061  -48.87006378]
231,16.064645381615584,14.143219064188445,11.375152690232392,[-74.90935516 -48.87693787],[-90.97399902 -48.86994553],[-105.11721802  -48.8685379 ],[-116.49237061  -48.87006378]
232,16.024842849143237,14.298454353955295,11.375152690232392,[-74.79392242 -48.8769722 ],[-90.81876373 -48.86994553],[-105.11721802  -48.8685379 ],[-116.49237061  -48.87006378]
233,15.983888269961943,14.456329414233776,11.375152690232392,[-74.67700195 -48.87698746],[-90.66088867 -48.86994553],[-105.11721802  -48.8685379 ],[-116.49237061  -48.87006378]
234,15.94197238723328,14.616569586822324,11.375152690232392,[-74.55867767 -48.87700272],[-90.5006485  -48.86994553],[-105.11721802  -48.8685379 ],[-116.49237061  -48.87006378]
235,15.899430892590258,14.778762884418306,11.375152690232392,[-74.43902588 -48.87701416],[-90.3384552  -48.86994553],[-105.11721802  -48.8685379 ],[-116.49237061  -48.87006378]
236,15.856576594564348,14.9425354666914,11.375152690232392,[-74.3181076  -48.87702942],[-90.17468262 -48.86994553],[-105.11721802  -48.8685379 ],[-116.49237061  -48.87006378]
237,15.813592596919124,15.107620304834102,11.375152690232392,[-74.19600677 -48.87704468],[-90.00959778 -48.86994553],[-105.11721802  -48.8685379 ],[-116.49237061  -48.87006378]
238,15.674501119360224,15.273765629179842,11.375152690232392,[-74.16895294 -48.87704849],[-89.84345245 -48.86994934],[-105.11721802  -48.8685379 ],[-116.49237061  -48.87006378]
239,15.581979461425504,15.366371219607135,11.375152690232392,[-74.16886902 -48.87704849],[-89.75084686 -48.86994934],[-105.11721802  -48.8685379 ],[-116.49237061  -48.87006378]
240,15.569902101703496,15.378570627499805,11.375152690232392,[-74.16874695 -48.87704849],[-89.73864746 -48.87001419],[-105.11721802  -48.8685379 ],[-116.49237061  -48.87006378]
241,15.568154956775041,15.380401685138375,11.375152690232392,[-74.16866302 -48.87704849],[-89.73681641 -48.87004471],[-105.11721802  -48.8685379 ],[-116.49237061  -48.87006378]
242,15.566217090760231,15.382370068917993,11.375152690232392,[-74.16863251 -48.87704849],[-89.73484802 -48.87004471],[-105.11721802  -48.8685379 ],[-116.49237061  -48.87006378]
243,15.552354465169216,15.396255570678946,11.375152690232392,[-74.16860962 -48.87704849],[-89.72096252 -48.87008286],[-105.11721802  -48.8685379 ],[-116.49237061  -48.87006378]
244,15.528192190554714,15.420440747819951,11.375152690232392,[-74.16858673 -48.87704849],[-89.69677734 -48.87004852],[-105.11721802  -48.8685379 ],[-116.49237061  -48.87006378]
245,15.495034833257938,15.45360572832183,11.375152690232392,[-74.1685791  -48.87704849],[-89.66361237 -48.87007523],[-105.11721802  -48.8685379 ],[-116.49237061  -48.87006378]
246,15.452439948640649,15.496208262700412,11.375152690232392,[-74.16857147 -48.87704849],[-89.62100983 -48.87002945],[-105.11721802  -48.8685379 ],[-116.49237061  -48.87006378]
247,15.405481079195813,15.543167175940585,11.375152690232392,[-74.16857147 -48.87704849],[-89.5740509  -48.86992264],[-105.11721802  -48.8685379 ],[-116.49237061  -48.87006378]
248,15.353265483934704,15.595382756739351,11.375152690232392,[-74.16857147 -48.87704849],[-89.52183533 -48.86997604],[-105.11721802  -48.8685379 ],[-116.49237061  -48.87006378]
249,15.294503891749963,15.65414435352105,11.375152690232392,[-74.16857147 -48.87704849],[-89.46307373 -48.86997986],[-105.11721802  -48.8685379 ],[-116.49237061  -48.87006378]
250,15.231271494407489,15.717376771675452,11.375152690232392,[-74.16857147 -48.87704849],[-89.39984131 -48.86994171],[-105.11721802  -48.8685379 ],[-116.49237061  -48.87006378]
251,15.1652848772711,15.783363403029222,11.375152690232392,[-74.16857147 -48.87704849],[-89.33385468 -48.86992264],[-105.11721802  -48.8685379 ],[-116.49237061  -48.87006378]
