,c0_c1,c1_c2,c2_c3,p1,p2,p3,p4
0,12.1153564453125,12.115371704101562,12.1153564453125,[-100.          -48.86999893],[-112.11535645  -48.86999893],[-124.23072815  -48.86999893],[-136.34608459  -48.86999893]
1,12.1153564453125,12.115371704101562,12.1153564453125,[-100.          -48.86999893],[-112.11535645  -48.86999893],[-124.23072815  -48.86999893],[-136.34608459  -48.86999893]
2,12.1153564453125,12.115371704101562,12.1153564453125,[-100.          -48.86999893],[-112.11535645  -48.86999893],[-124.23072815  -48.86999893],[-136.34608459  -48.86999893]
3,12.1173095703125,12.115364074707031,12.120109558105469,[-99.99635315 -48.86999893],[-112.11366272  -48.86999893],[-124.22902679  -48.86999893],[-136.34913635  -48.86999893]
4,12.13636016927777,12.114921569884277,12.137153625560819,[-99.95761871 -48.86987686],[-112.09397888  -48.87001801],[-124.20890045  -48.87005615],[-136.34605408  -48.87001419]
5,12.215431213427152,12.116432192401067,12.108612062299073,[-99.87469482 -48.87005615],[-112.09012604  -48.87002182],[-124.20655823  -48.86977768],[-136.31517029  -48.86998367]
6,12.313774109349968,12.117141725449228,12.066719056565042,[-99.76821899 -48.86988831],[-112.0819931   -48.86999512],[-124.19913483  -48.86978531],[-136.26585388  -48.86996841]
7,12.417312624395958,12.120674136499744,12.036392212422443,[-99.63518524 -48.86982346],[-112.05249786  -48.87006378],[-124.173172    -48.86978531],[-136.20956421  -48.86989594]
8,12.54197692880898,12.131278992658848,12.00735473691045,[-99.46208954 -48.86988068],[-112.00406647  -48.86993027],[-124.13534546  -48.86977768],[-136.1427002   -48.86989594]
9,12.66495513994664,12.158699037798828,11.981773376640339,[-99.25876617 -48.86988068],[-111.92372131  -48.87002182],[-124.08242035  -48.86979294],[-136.06419373  -48.86985779]
10,12.784690862739135,12.198104862607218,11.965972900610133,[-99.02732086 -48.86972046],[-111.81201172  -48.87010574],[-124.01011658  -48.86978531],[-135.97608948  -48.86985779]
11,12.903999345488835,12.249397284760272,11.964065554653219,[-98.76364136 -48.86936951],[-111.66764069  -48.87002945],[-123.91703796  -48.86961746],[-135.88110352  -48.86988068]
12,13.018142744957778,12.318214417700005,11.97000885031709,[-98.46864319 -48.8689003 ],[-111.48678589  -48.86997986],[-123.80500031  -48.8698082 ],[-135.77500916  -48.86988068]
13,13.130546667571782,12.399925235975882,11.982398991100954,[-98.14409637 -48.86832809],[-111.27464294  -48.86993027],[-123.67456818  -48.87024689],[-135.65696716  -48.86992645]
14,13.240890679590036,12.490860000828073,12.00735474996219,[-97.78945923 -48.86771393],[-111.03034973  -48.86987686],[-123.52120972  -48.87049866],[-135.52856445  -48.86992645]
15,13.35041836400843,12.585327172027524,12.043266317967616,[-97.4056015  -48.86712646],[-110.75601959  -48.86982727],[-123.34134674  -48.87059784],[-135.38461304  -48.86987686]
16,13.45491829658159,12.690589939199581,12.086631807303524,[-96.99347687 -48.86654282],[-110.44839478  -48.86977768],[-123.13898468  -48.87071228],[-135.22561646  -48.86982727]
17,13.554344688587873,12.803665210922485,12.14311985966119,[-96.55281067 -48.86600113],[-110.10715485  -48.86972427],[-122.91082001  -48.87085342],[-135.05393982  -48.86977768]
18,13.649399441697117,12.921020577188232,12.212143012000002,[-96.08447266 -48.86549759],[-109.73387146  -48.86967087],[-122.65489197  -48.87100983],[-134.86703491  -48.86972427]
19,13.739762111290034,13.046669098274549,12.288124174533039,[-95.58874512 -48.86505127],[-109.32850647  -48.86961746],[-122.37517548  -48.87116623],[-134.66329956  -48.8696785 ]
20,13.819657237374793,13.174003718448848,12.376846430413005,[-95.07236481 -48.86467361],[-108.89202118  -48.86956406],[-122.06602478  -48.87132263],[-134.44287109  -48.86962128]
21,13.86953067878897,13.299652245837517,12.478424218036388,[-94.55651093 -48.86436462],[-108.42604065  -48.86951065],[-121.72569275  -48.87148285],[-134.20411682  -48.8695755 ]
22,13.912087504578546,13.422126940625628,12.589286975234943,[-94.02152252 -48.86413574],[-107.93360901  -48.86945724],[-121.35573578  -48.87159729],[-133.94502258  -48.86952209]
23,13.968079679957784,13.535225104220313,12.712059217544482,[-93.45198059 -48.86398315],[-107.4200592   -48.86944199],[-120.95528412  -48.87170792],[-133.66734314  -48.8694725 ]
24,14.051926744833654,13.619415491221105,12.84407828808892,[-92.85422516 -48.86391449],[-106.90615082  -48.86943817],[-120.5255661   -48.87181854],[-133.36964417  -48.8694191 ]
25,14.139519809283108,13.698105086977975,12.976082102866483,[-92.23236084 -48.86392975],[-106.37187958  -48.86943436],[-120.06998444  -48.8719368 ],[-133.04606628  -48.86936569]
26,14.205765794565318,13.795067074519789,13.107620506610926,[-91.58838654 -48.86403275],[-105.79415131  -48.86942673],[-119.58921814  -48.87200546],[-132.69683838  -48.86935806]
27,14.233551983430928,13.897239937221121,13.242187787214935,[-90.94911957 -48.86420441],[-105.18267059  -48.86942673],[-119.07991028  -48.87207413],[-132.32209778  -48.8693161 ]
28,14.218926351539357,14.011558790811243,13.35738402069633,[-90.33197784 -48.86442947],[-104.55090332  -48.8694191 ],[-118.56246185  -48.87210846],[-131.91984558  -48.86931229]
29,14.154198481999186,14.14088466025369,13.451652823050626,[-89.74476624 -48.86468506],[-103.89896393  -48.86941147],[-118.03984833  -48.87212753],[-131.49150085  -48.86930466]
30,14.041718236193002,14.269256843796247,13.54187804000908,[-89.18819427 -48.8649826 ],[-103.2299118   -48.86943817],[-117.4991684  -48.8721199],[-131.04104614  -48.86930084]
31,13.903114946336913,14.37120842709534,13.643501566708236,[-88.64946747 -48.86530304],[-102.55258179  -48.86948013],[-116.92378998  -48.87208557],[-130.56729126  -48.86929703]
32,13.756165105397644,14.437370517829802,13.757652556879092,[-88.11633301 -48.86562347],[-101.87249756  -48.86952972],[-116.30986786  -48.87203598],[-130.06752014  -48.8692894 ]
33,13.6108937248764,14.474418834614413,13.88644434780483,[-87.58033752 -48.86598206],[-101.19123077  -48.86957932],[-115.66564941  -48.87195206],[-129.55209351  -48.86928558]
34,13.473884979125252,14.48430650501754,14.041687245715279,[-87.03599548 -48.86635971],[-100.50988007  -48.86962891],[-114.9941864   -48.87184525],[-129.03587341  -48.86928177]
35,13.349266373727017,14.46655287833196,14.196975912712825,[-86.48023224 -48.86674118],[-99.82949829 -48.86967087],[-114.29605103  -48.87171173],[-128.49302673  -48.86930084]
36,13.238823191143283,14.425262569817004,14.329673940262591,[-85.91135406 -48.86712646],[-99.150177   -48.86972046],[-113.57543945  -48.87157059],[-127.90511322  -48.8693428 ]
37,13.137733643855851,14.365165812560141,14.444557334657057,[-85.33377075 -48.86751938],[-98.47150421 -48.86972046],[-112.83666992  -48.87143326],[-127.28122711  -48.86938858]
38,13.024582040584068,14.289062579447569,14.545639152855937,[-84.76880646 -48.86790848],[-97.79338837 -48.86975861],[-112.08245087  -48.87126541],[-126.6280899   -48.86943817]
39,12.889755342069405,14.197441159969362,14.624984831072217,[-84.2277832  -48.86825943],[-97.11753845 -48.8698082 ],[-111.31497955  -48.87110138],[-125.93996429  -48.86948013]
40,12.663520877853852,14.089614913409465,14.676773140632088,[-83.78400421 -48.86854553],[-96.44752502 -48.86982727],[-110.53713989  -48.87095642],[-125.21391296  -48.86952972]
41,12.188087522238044,13.961822541559389,14.707168630715397,[-83.60209656 -48.8686676 ],[-95.79018402 -48.86986542],[-109.75200653  -48.87080765],[-124.45917511  -48.8695755 ]
42,11.564079347495973,13.802566550473593,14.719299352977586,[-83.59632874 -48.86867142],[-95.16040802 -48.86987686],[-108.96297455  -48.87065887],[-123.68227386  -48.86962128]
43,11.022689885249797,13.556198134907197,14.70958712110857,[-83.59585571 -48.86867142],[-94.61854553 -48.86987686],[-108.17474365  -48.8705101 ],[-122.88433075  -48.86967087]
44,10.73103339290063,13.072181710637535,14.667739882164627,[-83.59305573 -48.86867142],[-94.32408905 -48.86987686],[-107.39627075  -48.87036133],[-122.06401062  -48.86972046]
45,10.490753243523187,12.574050908991648,14.580459602775274,[-83.57983398 -48.8686676 ],[-94.07058716 -48.86987686],[-106.64463806  -48.87025452],[-121.22509766  -48.86977005]
46,10.222663948235482,12.165412905932508,14.444244388578335,[-83.54174805 -48.86869049],[-93.76441193 -48.86987686],[-105.92982483  -48.87015152],[-120.37406921  -48.86981964]
47,9.97483833435696,11.799041749295604,14.267883301956182,[-83.47431183 -48.86863327],[-93.44915009 -48.86987686],[-105.24819183  -48.87004852],[-119.51607513  -48.86986542]
48,9.777374345215879,11.444824219179761,14.05831909192937,[-83.37796783 -48.86864471],[-93.1553421  -48.86987686],[-104.60016632  -48.86997604],[-118.65848541  -48.86991501]
49,9.62499243818764,11.108390808216162,13.820663452224247,[-83.25363922 -48.86873245],[-92.87863159 -48.86987305],[-103.9870224   -48.86992264],[-117.80768585  -48.86996841]
50,9.522171072161447,10.785804748535156,13.55949401932953,[-83.10034943 -48.86888123],[-92.62252045 -48.86987305],[-103.4083252   -48.86987305],[-116.96781921  -48.87001801]
51,9.470451367567968,10.48564147962819,13.270919801463183,[-82.91511536 -48.86938477],[-92.38556671 -48.86987305],[-102.87120819  -48.86981964],[-116.14212799  -48.87002945]
52,9.45793914812231,10.300117493190744,12.872489931812856,[-82.70723724 -48.86993027],[-92.16517639 -48.86987305],[-102.46529388  -48.86977005],[-115.33778381  -48.87002945]
53,9.45284272903503,10.094253541192346,12.508605961742827,[-82.50756836 -48.87043381],[-91.96041107 -48.86987305],[-102.05466461  -48.86972046],[-114.56327057  -48.87006378]
54,9.443168693431405,9.86804199433754,12.18182373705376,[-82.32815552 -48.87087631],[-91.77132416 -48.86987305],[-101.63936615  -48.86966705],[-113.82118988  -48.8700676 ]
55,9.398346028535343,9.608398439874735,11.864883430137404,[-82.23918915 -48.87110138],[-91.6375351  -48.86986542],[-101.24593353  -48.86965179],[-113.11081696  -48.8700676 ]
56,9.373832785634878,9.269378664398277,11.551162727348228,[-82.23918915 -48.87110138],[-91.61302185 -48.86985397],[-100.88240051  -48.86964798],[-112.43356323  -48.8700676 ]
57,9.370262221099424,8.943374637775499,11.237480171408635,[-82.23899078 -48.87110138],[-91.60925293 -48.86991501],[-100.55262756  -48.86964798],[-111.79010773  -48.8700676 ]
58,9.368400648848723,8.653572086639471,10.92017365308159,[-82.23885345 -48.87110138],[-91.60725403 -48.86991501],[-100.26082611  -48.86964798],[-111.18099976  -48.8700676 ]
59,9.37070472597869,8.398612980319228,10.600944527347803,[-82.23654938 -48.87110138],[-91.60725403 -48.86991501],[-100.005867    -48.86964798],[-110.60681152  -48.8700676 ]
60,9.380027845539532,8.18230438668145,10.314575204161105,[-82.22716522 -48.87109756],[-91.60719299 -48.86991501],[-99.78949738 -48.86964798],[-110.10407257  -48.87007523]
61,9.411628814096815,8.123603825189498,10.058998116983586,[-82.19552612 -48.87122345],[-91.60715485 -48.86991501],[-99.73075867 -48.86964798],[-109.78975677  -48.87007523]
62,9.47265637045054,8.118980414654757,9.74790192911828,[-82.13448334 -48.87142563],[-91.60713959 -48.86991501],[-99.72612    -48.86957932],[-109.47402191  -48.87007523]
63,9.561554114700083,8.117103582835274,9.436378491051626,[-82.04558563 -48.87166214],[-91.60713959 -48.86991501],[-99.72424316 -48.86959839],[-109.16062164  -48.87007523]
64,9.677635391502148,8.11695862433929,9.148475659399518,[-81.92948914 -48.87187576],[-91.60712433 -48.86991501],[-99.72408295 -48.86959839],[-108.87255859  -48.87007523]
65,9.826103477908564,8.11513519904771,8.88970185605032,[-81.78274536 -48.87220764],[-91.60884857 -48.86991501],[-99.72398376 -48.86959839],[-108.61368561  -48.87007523]
66,9.997620009332204,8.1136627259043,8.661094678653495,[-81.61264801 -48.87267303],[-91.61026764 -48.86991501],[-99.72393036 -48.86959839],[-108.38502502  -48.87007523]
67,10.158173106820696,8.112510687330957,8.48815919308108,[-81.45323181 -48.87310028],[-91.61140442 -48.86991501],[-99.7239151  -48.86959839],[-108.21207428  -48.87007523]
68,10.182205716476329,8.111846930007244,8.472335828848282,[-81.42984009 -48.8731575 ],[-91.61204529 -48.86991501],[-99.72389221 -48.86959839],[-108.19622803  -48.87007523]
69,10.182327786782638,8.111831671218194,8.440826427415521,[-81.42971802 -48.8731575 ],[-91.61204529 -48.86991501],[-99.72387695 -48.86959839],[-108.16470337  -48.87003708]
70,10.182472746486845,8.111831671218194,8.439018261721058,[-81.42957306 -48.87316132],[-91.61204529 -48.86991501],[-99.72387695 -48.86959839],[-108.1628952   -48.87005234]
71,10.182564299216567,8.111831671218194,8.437095654301965,[-81.42948151 -48.87316132],[-91.61204529 -48.86991501],[-99.72387695 -48.86959839],[-108.1609726   -48.87005234]
72,10.182602446187284,8.111816412429143,8.437149060063607,[-81.42944336 -48.87316132],[-91.61204529 -48.86991501],[-99.72386169 -48.86959839],[-108.16101074  -48.87005234]
73,10.184471647752465,8.111816412429143,8.437103283696485,[-81.42757416 -48.87316132],[-91.61204529 -48.86991501],[-99.72386169 -48.86959839],[-108.16096497  -48.87005234]
74,10.191277070980652,8.111816412429143,8.437072766118405,[-81.42076874 -48.87317276],[-91.61204529 -48.86991501],[-99.72386169 -48.86959839],[-108.16093445  -48.87005234]
75,10.220436671551987,8.111816412429143,8.437065136723884,[-81.39160919 -48.87334442],[-91.61204529 -48.86991501],[-99.72386169 -48.86959839],[-108.16092682  -48.87005234]
76,10.276779870117817,8.111816412429143,8.437057507329364,[-81.33526611 -48.87369537],[-91.61204529 -48.86991501],[-99.72386169 -48.86959839],[-108.16091919  -48.87005234]
77,10.363045515793205,8.111816412429143,8.437057507329364,[-81.24900055 -48.87392807],[-91.61204529 -48.86991501],[-99.72386169 -48.86959839],[-108.16091919  -48.87005234]
78,10.476273512723308,8.111816412429143,8.437042248540324,[-81.13577271 -48.87432861],[-91.61204529 -48.86991501],[-99.72386169 -48.86959839],[-108.16090393  -48.87005234]
79,10.620316535013247,8.111816412429143,8.437042248540324,[-80.99172974 -48.87448502],[-91.61204529 -48.86991501],[-99.72386169 -48.86959839],[-108.16090393  -48.87005234]
80,10.788476158922474,8.110260015945954,8.437042248540324,[-80.82512665 -48.87483597],[-91.61360168 -48.86991501],[-99.72386169 -48.86959839],[-108.16090393  -48.87005234]
81,10.94638947042668,8.109100347978087,8.437042248540324,[-80.66837311 -48.87509537],[-91.61476135 -48.86991501],[-99.72386169 -48.86959839],[-108.16090393  -48.87005234]
82,10.969636252862156,8.108306890947443,8.437042248540324,[-80.6459198  -48.87513733],[-91.61555481 -48.86991501],[-99.72386169 -48.86959839],[-108.16090393  -48.87005234]
83,10.970376304047829,8.107688909990882,8.437042248540324,[-80.64579773 -48.87513733],[-91.61617279 -48.86991501],[-99.72386169 -48.86959839],[-108.16090393  -48.87005234]
84,10.970513633133832,8.107688909990882,8.437042248540324,[-80.6456604  -48.87513733],[-91.61617279 -48.86991501],[-99.72386169 -48.86959839],[-108.16090393  -48.87005234]
85,10.970605185857833,8.107688909990882,8.437042248540324,[-80.64556885 -48.87513733],[-91.61617279 -48.86991501],[-99.72386169 -48.86959839],[-108.16090393  -48.87005234]
86,10.970643332826167,8.107688909990882,8.437042248540324,[-80.6455307  -48.87513733],[-91.61617279 -48.86991501],[-99.72386169 -48.86959839],[-108.16090393  -48.87005234]
87,10.97250490488091,8.107688909990882,8.437042248540324,[-80.64366913 -48.87513733],[-91.61617279 -48.86991501],[-99.72386169 -48.86959839],[-108.16090393  -48.87005234]
88,10.979287435851461,8.107688909990882,8.437042248540324,[-80.6368866  -48.87513733],[-91.61617279 -48.86991501],[-99.72386169 -48.86959839],[-108.16090393  -48.87005234]
89,11.009591433160868,8.107688909990882,8.437042248540324,[-80.60658264 -48.8752327 ],[-91.61617279 -48.86991501],[-99.72386169 -48.86959839],[-108.16090393  -48.87005234]
90,11.066460983368875,8.107688909990882,8.437042248540324,[-80.54971313 -48.87533569],[-91.61617279 -48.86991501],[-99.72386169 -48.86959839],[-108.16090393  -48.87005234]
91,11.152123911229179,8.107688909990882,8.437042248540324,[-80.46405029 -48.87553024],[-91.61617279 -48.86991501],[-99.72386169 -48.86959839],[-108.16090393  -48.87005234]
92,11.266404641643941,8.107688909990882,8.437042248540324,[-80.34976959 -48.87561798],[-91.61617279 -48.86991501],[-99.72386169 -48.86959839],[-108.16090393  -48.87005234]
93,11.412293936082563,8.10614014290222,8.437042248540324,[-80.20542908 -48.87567902],[-91.61772156 -48.86991501],[-99.72386169 -48.86959839],[-108.16090393  -48.87005234]
94,11.5813919452436,8.105018621906982,8.437042248540324,[-80.0374527 -48.8759346],[-91.61884308 -48.86991501],[-99.72386169 -48.86959839],[-108.16090393  -48.87005234]
95,11.739366280865273,8.104507452473777,8.437042248540324,[-79.87998962 -48.87615204],[-91.61935425 -48.86991501],[-99.72386169 -48.86959839],[-108.16090393  -48.87005234]
96,11.761308430636978,8.105247503742744,8.437042248540324,[-79.85730743 -48.87617874],[-91.6186142  -48.86991501],[-99.72386169 -48.86959839],[-108.16090393  -48.87005234]
97,11.761827229391532,8.104843145832897,8.437042248540324,[-79.85719299 -48.87617874],[-91.61901855 -48.86991501],[-99.72386169 -48.86959839],[-108.16090393  -48.87005234]
98,11.759088277143297,8.107734686358034,8.437042248540324,[-79.85704041 -48.87617874],[-91.61612701 -48.86991501],[-99.72386169 -48.86959839],[-108.16090393  -48.87005234]
99,11.75940871166815,8.107498175127747,8.437042248540324,[-79.85695648 -48.87617874],[-91.61636353 -48.86991501],[-99.72386169 -48.86959839],[-108.16090393  -48.87005234]
100,11.758088826601508,8.108856207353274,8.437042248540324,[-79.85691833 -48.87617874],[-91.61500549 -48.86991501],[-99.72386169 -48.86959839],[-108.16090393  -48.87005234]
101,11.758523702028084,8.108451849443426,8.437042248540324,[-79.85688782 -48.87617874],[-91.61540985 -48.86991501],[-99.72386169 -48.86959839],[-108.16090393  -48.87005234]
102,11.759530781963335,8.10914612434524,8.437042248540324,[-79.85518646 -48.87617874],[-91.61471558 -48.86991501],[-99.72386169 -48.86959839],[-108.16090393  -48.87005234]
103,11.766412496886195,8.108680731131134,8.437042248540324,[-79.84877014 -48.87617874],[-91.61518097 -48.86991119],[-99.72386169 -48.86959839],[-108.16090393  -48.87005234]
104,11.793809646743613,8.108901983572375,8.437042248540324,[-79.82115173 -48.87617493],[-91.61495972 -48.86991119],[-99.72386169 -48.86959839],[-108.16090393  -48.87005234]
105,11.85092332267947,8.10837555535011,8.437042248540324,[-79.76456451 -48.87624359],[-91.61548615 -48.86991119],[-99.72386169 -48.86959839],[-108.16090393  -48.87005234]
106,11.935182482279881,8.108627325369454,8.437042248540324,[-79.68005371 -48.87649918],[-91.61523438 -48.86991119],[-99.72386169 -48.86959839],[-108.16090393  -48.87005234]
107,12.048158602569409,8.109558111501574,8.437042248540324,[-79.56614685 -48.87661362],[-91.61430359 -48.86991119],[-99.72386169 -48.86959839],[-108.16090393  -48.87005234]
108,12.183313418911697,8.11531067497386,8.437042248540324,[-79.42523956 -48.8768158 ],[-91.60855103 -48.86991119],[-99.72386169 -48.86959839],[-108.16090393  -48.87005234]
109,12.313448938753947,8.13156128771586,8.437042248540324,[-79.27885437 -48.87841034],[-91.59230042 -48.86996841],[-99.72386169 -48.86959839],[-108.16090393  -48.87005234]
110,12.301631695000403,8.160408026924213,8.437042248540324,[-79.26182556 -48.87932205],[-91.56345367 -48.86993408],[-99.72386169 -48.86959839],[-108.16090393  -48.87005234]
111,12.299815917121752,8.162323004187783,8.437042248540324,[-79.26172638 -48.87932587],[-91.5615387  -48.86991501],[-99.72386169 -48.86959839],[-108.16090393  -48.87005234]
112,12.296932006833275,8.165328985630834,8.437042248540324,[-79.26160431 -48.87932587],[-91.55853271 -48.86991501],[-99.72386169 -48.86959839],[-108.16090393  -48.87005234]
113,12.296077517816212,8.166259771762947,8.437042248540324,[-79.26152802 -48.87932968],[-91.55760193 -48.86991501],[-99.72386169 -48.86959839],[-108.16090393  -48.87005234]
114,12.29207971625406,8.170295721466946,8.437042248540324,[-79.26148987 -48.87932968],[-91.55356598 -48.86991501],[-99.72386169 -48.86959839],[-108.16090393  -48.87005234]
115,12.292285709845984,8.170112615998335,8.437042248540324,[-79.26146698 -48.87932968],[-91.55374908 -48.86991501],[-99.72386169 -48.86959839],[-108.16090393  -48.87005234]
116,12.29213311032272,8.171951300078986,8.437042248540324,[-79.25978088 -48.87931442],[-91.5519104  -48.86991501],[-99.72386169 -48.86959839],[-108.16090393  -48.87005234]
117,12.296313991107958,8.174201971464015,8.437042248540324,[-79.2533493  -48.87928009],[-91.54965973 -48.86991501],[-99.72386169 -48.86959839],[-108.16090393  -48.87005234]
118,12.321834270837273,8.176414495876418,8.437042248540324,[-79.22561646 -48.8792305 ],[-91.5474472  -48.86991501],[-99.72386169 -48.86959839],[-108.16090393  -48.87005234]
119,12.374461598922387,8.178962713647946,8.437042248540324,[-79.17044067 -48.87893295],[-91.54489899 -48.86991501],[-99.72386169 -48.86959839],[-108.16090393  -48.87005234]
120,12.449481276142937,8.188217169207425,8.437042248540324,[-79.08616638 -48.8787384 ],[-91.53564453 -48.86991501],[-99.72386169 -48.86959839],[-108.16090393  -48.87005234]
121,12.543619840787573,8.208480847094801,8.437042248540324,[-78.97176361 -48.87810898],[-91.51538086 -48.87004471],[-99.72386169 -48.86959839],[-108.16090393  -48.87005234]
122,12.657640913945452,8.236129772835318,8.437042248540324,[-78.83009338 -48.87778091],[-91.48773193 -48.87004471],[-99.72386169 -48.86959839],[-108.16090393  -48.87005234]
123,12.78103070857063,8.278236404243406,8.437042248540324,[-78.66459656 -48.87717819],[-91.44562531 -48.87009811],[-99.72386169 -48.86959839],[-108.16090393  -48.87005234]
124,12.880784715447687,8.334381116086899,8.437042248540324,[-78.50869751 -48.87654495],[-91.38948059 -48.87005615],[-99.72386169 -48.86959839],[-108.16090393  -48.87005234]
125,12.835260135668058,8.40205384017894,8.437042248540324,[-78.48654938 -48.87645721],[-91.32180786 -48.86994553],[-99.72386169 -48.86959839],[-108.16090393  -48.87005234]
126,12.82270227015723,8.41472625820964,8.437042248540324,[-78.48643494 -48.87645721],[-91.30913544 -48.86972046],[-99.72386169 -48.86959839],[-108.16090393  -48.87005234]
127,12.819169860976904,8.418403626373316,8.437042248540324,[-78.48628998 -48.87645721],[-91.30545807 -48.86972046],[-99.72386169 -48.86959839],[-108.16090393  -48.87005234]
128,12.817712646822681,8.419944764068466,8.437042248540324,[-78.48620605 -48.87645721],[-91.30391693 -48.86972046],[-99.72386169 -48.86959839],[-108.16090393  -48.87005234]
129,12.813920838264522,8.423774720122752,8.437042248540324,[-78.48616791 -48.87645721],[-91.30008698 -48.86972046],[-99.72386169 -48.86959839],[-108.16090393  -48.87005234]
130,12.80315575805338,8.436401368070646,8.437042248540324,[-78.48430634 -48.87644577],[-91.28746033 -48.86972046],[-99.72386169 -48.86959839],[-108.16090393  -48.87005234]
131,12.788225019005266,8.458114624904317,8.437042248540324,[-78.4775238  -48.87641525],[-91.26574707 -48.86972046],[-99.72386169 -48.86959839],[-108.16090393  -48.87005234]
132,12.789537184034161,8.486366273210699,8.437042248540324,[-78.4479599  -48.87626266],[-91.23749542 -48.86974335],[-99.72386169 -48.86959839],[-108.16090393  -48.87005234]
133,12.808206323649715,8.523941041271648,8.437042248540324,[-78.391716   -48.87628937],[-91.19992065 -48.86974335],[-99.72386169 -48.86959839],[-108.16090393  -48.87005234]
134,12.847711051692,8.570213321030156,8.437042248540324,[-78.30593872 -48.87582016],[-91.15364838 -48.86983109],[-99.72386169 -48.86959839],[-108.16090393  -48.87005234]
135,12.905259266458042,8.626884469224004,8.437042248540324,[-78.19171906 -48.8752861 ],[-91.09697723 -48.86998749],[-99.72386169 -48.86959839],[-108.16090393  -48.87005234]
136,12.97845543662441,8.69866944146386,8.437042248540324,[-78.04673767 -48.87465668],[-91.02519226 -48.86996841],[-99.72386169 -48.86959839],[-108.16090393  -48.87005234]
137,13.058174714144343,8.787323007704739,8.437042248540324,[-77.87836456 -48.87390518],[-90.9365387  -48.87001038],[-99.72386169 -48.86959839],[-108.16090393  -48.87005234]
138,13.100326934657392,8.896942148388208,8.437042248540324,[-77.72659302 -48.87323761],[-90.82691956 -48.87001419],[-99.72386169 -48.86959839],[-108.16090393  -48.87005234]
139,12.991775881047586,9.01905824096388,8.437042248540324,[-77.71302795 -48.8731842 ],[-90.70480347 -48.87009048],[-99.72386169 -48.86959839],[-108.16090393  -48.87005234]
140,12.959434872201772,9.051536574926358,8.437042248540324,[-77.71289062 -48.8731842 ],[-90.67232513 -48.87011719],[-99.72386169 -48.86959839],[-108.16090393  -48.87005234]
141,12.95140874667479,9.059700027280648,8.437042248540324,[-77.7127533  -48.87317657],[-90.66416168 -48.870121  ],[-99.72386169 -48.86959839],[-108.16090393  -48.87005234]
142,12.95008886145762,9.061103835872062,8.437042248540324,[-77.71266937 -48.87317657],[-90.66275787 -48.870121  ],[-99.72386169 -48.86959839],[-108.16090393  -48.87005234]
143,12.947349908897161,9.06388093547682,8.437042248540324,[-77.71263123 -48.87317657],[-90.65998077 -48.870121  ],[-99.72386169 -48.86959839],[-108.16090393  -48.87005234]
144,12.93211398713523,9.08096315451519,8.437042248540324,[-77.71078491 -48.87316132],[-90.64289856 -48.8701973 ],[-99.72386169 -48.86959839],[-108.16090393  -48.87005234]
145,12.90888247356146,9.11094667546272,8.437042248540324,[-77.7040329  -48.87313461],[-90.61291504 -48.87020493],[-99.72386169 -48.86959839],[-108.16090393  -48.87005234]
146,12.897438391659538,9.150589000707763,8.437042248540324,[-77.67583466 -48.8730278 ],[-90.57327271 -48.87005615],[-99.72386169 -48.86959839],[-108.16090393  -48.87005234]
147,12.901161456166871,9.203308119035905,8.437042248540324,[-77.6193924  -48.87269974],[-90.52055359 -48.87009811],[-99.72386169 -48.86959839],[-108.16090393  -48.87005234]
148,12.916053921961762,9.27394105987351,8.437042248540324,[-77.53386688 -48.87217331],[-90.44992065 -48.87020493],[-99.72386169 -48.86959839],[-108.16090393  -48.87005234]
149,12.948928909102083,9.354576127193017,8.437042248540324,[-77.42035675 -48.87155533],[-90.36928558 -48.87015152],[-99.72386169 -48.86959839],[-108.16090393  -48.87005234]
150,12.999855082004016,9.44761659888478,8.437042248540324,[-77.27639008 -48.87126541],[-90.27624512 -48.87023926],[-99.72386169 -48.86959839],[-108.16090393  -48.87005234]
151,13.06264496012032,9.559997598855073,8.437042248540324,[-77.10121918 -48.87068176],[-90.16386414 -48.87047577],[-99.72386169 -48.86959839],[-108.16090393  -48.87005234]
152,13.129302993239554,9.691276604216554,8.437042248540324,[-76.90328217 -48.86999893],[-90.03258514 -48.87062073],[-99.72386169 -48.86959839],[-108.16090393  -48.87005234]
153,13.16795354957407,9.842620901130728,8.437042248540324,[-76.71328735 -48.86936569],[-89.88124084 -48.87060547],[-99.72386169 -48.86959839],[-108.16090393  -48.87005234]
154,13.16742718713805,10.009742790990611,8.437042248540324,[-76.54669189 -48.86883163],[-89.71411896 -48.8706398 ],[-99.72386169 -48.86959839],[-108.16090393  -48.87005234]
155,13.016838217979226,10.187400875476527,8.437042248540324,[-76.5196228 -48.8687439],[-89.53646088 -48.87068176],[-99.72386169 -48.86959839],[-108.16090393  -48.87005234]
156,12.839042809820537,10.365348872534456,8.437042248540324,[-76.51947021 -48.8687439 ],[-89.35851288 -48.87068176],[-99.72386169 -48.86959839],[-108.16090393  -48.87005234]
157,12.668930202505063,10.535629328555324,8.437042248540324,[-76.51930237 -48.8687439 ],[-89.18823242 -48.87068558],[-99.72386169 -48.86959839],[-108.16090393  -48.87005234]
158,12.504463346551944,10.700202997126162,8.437042248540324,[-76.51919556 -48.8687439 ],[-89.02365875 -48.87068558],[-99.72386169 -48.86959839],[-108.16090393  -48.87005234]
159,12.350593721932139,10.856247002679938,8.437042248540324,[-76.51702118 -48.86872864],[-88.86761475 -48.87068558],[-99.72386169 -48.86959839],[-108.16090393  -48.87005234]
160,12.211670084226427,11.00267034179923,8.437042248540324,[-76.50952148 -48.86869431],[-88.72119141 -48.87068558],[-99.72386169 -48.86959839],[-108.16090393  -48.87005234]
161,12.109504892872678,11.134323173942942,8.437042248540324,[-76.48003387 -48.86853027],[-88.58953857 -48.87069321],[-99.72386169 -48.86959839],[-108.16090393  -48.87005234]
162,12.109085322249879,11.192665153642844,8.437042248540324,[-76.42211151 -48.86828613],[-88.53119659 -48.87069321],[-99.72386169 -48.86959839],[-108.16090393  -48.87005234]
163,12.183853398626972,11.203628597710926,8.437042248540324,[-76.33638    -48.86827087],[-88.52023315 -48.87073517],[-99.72386169 -48.86959839],[-108.16090393  -48.87005234]
164,12.29731787977458,11.205162105232398,8.437042248540324,[-76.22138214 -48.86769104],[-88.51869965 -48.87072754],[-99.72386169 -48.86959839],[-108.16090393  -48.87005234]
165,12.438812765043114,11.207954463616662,8.437042248540324,[-76.07709503 -48.86716843],[-88.51590729 -48.87072754],[-99.72386169 -48.86959839],[-108.16090393  -48.87005234]
166,12.587265647092533,11.227684063465864,8.437042248540324,[-75.90891266 -48.86658478],[-88.49617767 -48.87057495],[-99.72386169 -48.86959839],[-108.16090393  -48.87005234]
167,12.69944844316912,11.27342228517678,8.437042248540324,[-75.75099182 -48.86605453],[-88.45043945 -48.87059402],[-99.72386169 -48.86959839],[-108.16090393  -48.87005234]
168,12.655594693070823,11.340141334899409,8.437042248540324,[-75.72812653 -48.86597443],[-88.3837204  -48.87053299],[-99.72386169 -48.86959839],[-108.16090393  -48.87005234]
169,12.577027187795409,11.418830908590627,8.437042248540324,[-75.72800446 -48.86597443],[-88.30503082 -48.87051773],[-99.72386169 -48.86959839],[-108.16090393  -48.87005234]
170,12.496994847193882,11.499008216073987,8.437042248540324,[-75.7278595  -48.86597443],[-88.22485352 -48.87052536],[-99.72386169 -48.86959839],[-108.16090393  -48.87005234]
171,12.415055168029804,11.581039468292238,8.437042248540324,[-75.72776794 -48.86597061],[-88.14282227 -48.87055588],[-99.72386169 -48.86959839],[-108.16090393  -48.87005234]
172,12.328614103000412,11.667518648425283,8.437042248540324,[-75.7277298  -48.86597061],[-88.05634308 -48.87047195],[-99.72386169 -48.86959839],[-108.16090393  -48.87005234]
173,12.242791048276958,11.755203278127066,8.437042248540324,[-75.72586823 -48.86595535],[-87.96865845 -48.87045288],[-99.72386169 -48.86959839],[-108.16090393  -48.87005234]
174,12.163269920228327,11.841506995798653,8.437042248540324,[-75.71908569 -48.86592484],[-87.88235474 -48.87054443],[-99.72386169 -48.86959839],[-108.16090393  -48.87005234]
175,12.106278472168043,11.928482109106763,8.437042248540324,[-75.68910217 -48.86579132],[-87.79537964 -48.87072754],[-99.72386169 -48.86959839],[-108.16090393  -48.87005234]
176,12.075814553282356,12.016357498183694,8.437042248540324,[-75.63169098 -48.86543655],[-87.70750427 -48.87095261],[-99.72386169 -48.86959839],[-108.16090393  -48.87005234]
177,12.070428411636488,12.106666666460848,8.437042248540324,[-75.54676819 -48.86520767],[-87.61719513 -48.87116623],[-99.72386169 -48.86959839],[-108.16090393  -48.87005234]
178,12.089639505894631,12.202026476418457,8.437042248540324,[-75.43219757 -48.86472702],[-87.52183533 -48.87123108],[-99.72386169 -48.86959839],[-108.16090393  -48.87005234]
179,12.134256370378374,12.303413512469195,8.437042248540324,[-75.28619385 -48.86450958],[-87.4204483  -48.87132645],[-99.72386169 -48.86959839],[-108.16090393  -48.87005234]
180,12.19290372492565,12.413528577427464,8.437042248540324,[-75.11743164 -48.86425018],[-87.31033325 -48.87142944],[-99.72386169 -48.86959839],[-108.16090393  -48.87005234]
181,12.229006222328133,12.535354764637473,8.437042248540324,[-74.95950317 -48.86401367],[-87.18850708 -48.87154007],[-99.72386169 -48.86959839],[-108.16090393  -48.87005234]
182,12.122118542863921,12.665077382624453,8.437042248540324,[-74.9366684  -48.86397934],[-87.05878448 -48.87169266],[-99.72386169 -48.86959839],[-108.16090393  -48.87005234]
183,12.081957437730109,12.705360590267434,8.437042248540324,[-74.93654633 -48.86397934],[-87.01850128 -48.87172318],[-99.72386169 -48.86959839],[-108.16090393  -48.87005234]
184,12.075144389813916,12.712318597982687,8.437042248540324,[-74.93640137 -48.86397934],[-87.01154327 -48.87172318],[-99.72386169 -48.86959839],[-108.16090393  -48.87005234]
185,12.074221233265483,12.71333330744117,8.437042248540324,[-74.93630981 -48.86397934],[-87.01052856 -48.87172318],[-99.72386169 -48.86959839],[-108.16090393  -48.87005234]
186,12.072329143810933,12.715263544230623,8.437042248540324,[-74.93627167 -48.86397934],[-87.00859833 -48.87172318],[-99.72386169 -48.86959839],[-108.16090393  -48.87005234]
187,12.062250715710332,12.727203546505478,8.437042248540324,[-74.9344101  -48.86397934],[-86.99665833 -48.87172318],[-99.72386169 -48.86959839],[-108.16090393  -48.87005234]
188,12.048632276324112,12.747596923572546,8.437042248540324,[-74.92763519 -48.86397171],[-86.97626495 -48.87175751],[-99.72386169 -48.86959839],[-108.16090393  -48.87005234]
189,12.049181590151345,12.777221848827658,8.437042248540324,[-74.89746094 -48.86389542],[-86.94664001 -48.8716774 ],[-99.72386169 -48.86959839],[-108.16090393  -48.87005234]
190,12.069018083639959,12.8151323005979,8.437042248540324,[-74.83971405 -48.86372757],[-86.90872955 -48.87162018],[-99.72386169 -48.86959839],[-108.16090393  -48.87005234]
191,12.11172755601407,12.858513039169024,8.437042248540324,[-74.75362396 -48.86354065],[-86.86534882 -48.87163162],[-99.72386169 -48.86959839],[-108.16090393  -48.87005234]
192,12.171473498676274,12.913307367902599,8.437042248540324,[-74.63908386 -48.86340332],[-86.8105545  -48.87174225],[-99.72386169 -48.86959839],[-108.16090393  -48.87005234]
193,12.242106723446758,12.986099460628143,8.437042248540324,[-74.49565887 -48.86319733],[-86.73776245 -48.87197495],[-99.72386169 -48.86959839],[-108.16090393  -48.87005234]
194,12.333186510624717,13.07119010908422,8.437042248540324,[-74.31948853 -48.86312866],[-86.65267181 -48.87204361],[-99.72386169 -48.86959839],[-108.16090393  -48.87005234]
195,12.432986763654743,13.169967903084446,8.437042248540324,[-74.12091064 -48.86302567],[-86.55389404 -48.87217331],[-99.72386169 -48.86959839],[-108.16090393  -48.87005234]
196,12.506824139433448,13.284080772222504,8.439552319337473,[-73.93045044 -48.862957  ],[-86.43727112 -48.87226105],[-99.72135162 -48.86959839],[-108.16090393  -48.87005234]
197,12.533221951425125,13.419227883523359,8.43920899679012,[-73.76924896 -48.86289597],[-86.30246735 -48.8723526 ],[-99.72169495 -48.86959457],[-108.16090393  -48.87005234]
198,12.406398647418815,13.564758602498834,8.438217175502517,[-73.75153351 -48.86288834],[-86.15792847 -48.8724556 ],[-99.72268677 -48.86959457],[-108.16090393  -48.87005234]
199,12.320583290972035,13.650986030513618,8.437973034877876,[-73.75136566 -48.86288834],[-86.07194519 -48.87251663],[-99.72293091 -48.86959457],[-108.16090393  -48.87005234]
200,12.308025332330205,13.664238294247514,8.437446606655994,[-73.75119781 -48.86288834],[-86.05921936 -48.87254333],[-99.72345734 -48.86959457],[-108.16090393  -48.87005234]
201,12.306446054136202,13.665916762653671,8.437446606655994,[-73.75109863 -48.86288834],[-86.05754089 -48.87255096],[-99.72345734 -48.86959457],[-108.16090393  -48.87005234]
202,12.306644418332871,13.667869887607974,8.437446606655994,[-73.74894714 -48.86288834],[-86.05558777 -48.87255096],[-99.72345734 -48.86959457],[-108.16090393  -48.87005234]
203,12.300930042645906,13.680534694718972,8.437713635464196,[-73.74172974 -48.86289597],[-86.04265594 -48.87260818],[-99.72319031 -48.86959457],[-108.16090393  -48.87005234]
204,12.306133381992696,13.70648991818629,8.437171948453273,[-73.71111298 -48.86288452],[-86.01724243 -48.872715  ],[-99.72373199 -48.86959457],[-108.16090393  -48.87005234]
205,12.328678269182712,13.74325596001877,8.437149060269713,[-73.65182495 -48.8628006 ],[-85.98049927 -48.87267303],[-99.72375488 -48.86959457],[-108.16090393  -48.87005234]
206,12.363048750930908,13.795425742536189,8.437362683316273,[-73.56507111 -48.86264038],[-85.92811584 -48.87260056],[-99.72354126 -48.86959457],[-108.16090393  -48.87005234]
207,12.408893755607835,13.863624900296323,8.437973034877876,[-73.45041656 -48.86266327],[-85.85930634 -48.87260818],[-99.72293091 -48.86959457],[-108.16090393  -48.87005234]
208,12.46881516089496,13.941467625038701,8.443458569537777,[-73.30716705 -48.86252975],[-85.77597809 -48.87267303],[-99.71744537 -48.86959457],[-108.16090393  -48.87005234]
209,12.527302369189217,14.020737057022844,8.46426393561557,[-73.14860535 -48.86217117],[-85.67590332 -48.87266541],[-99.69664001 -48.86947632],[-108.16090393  -48.87005234]
210,12.436924968063469,14.13612406309544,8.465927138547976,[-73.12193298 -48.86201477],[-85.55885315 -48.87294388],[-99.69497681 -48.86955643],[-108.16090393  -48.87005234]
211,12.39860284502946,14.174538150670484,8.465927138547976,[-73.12184143 -48.86201477],[-85.52043915 -48.87329102],[-99.69497681 -48.86955643],[-108.16090393  -48.87005234]
212,12.39120234929184,14.178574104264797,8.469421401237296,[-73.12171173 -48.86201477],[-85.51290894 -48.87330627],[-99.69148254 -48.86955643],[-108.16090393  -48.87005234]
213,12.390073202847123,14.176987191267312,8.472221389025467,[-73.12162781 -48.86201477],[-85.51169586 -48.87331009],[-99.68868256 -48.86955643],[-108.16090393  -48.87005234]
214,12.388211631355183,14.175186656243413,8.475914016422085,[-73.12159729 -48.86201477],[-85.50980377 -48.87331009],[-99.68498993 -48.8695488 ],[-108.16090393  -48.87005234]
215,12.372487452288677,14.171318556394342,8.49553682004002,[-73.12156677 -48.86201477],[-85.49404907 -48.87330627],[-99.66536713 -48.86953354],[-108.16090393  -48.87005234]
216,12.372365388992248,14.171776312966452,8.496910109026208,[-73.11985779 -48.86201477],[-85.49221802 -48.8733139 ],[-99.66399384 -48.86956787],[-108.16090393  -48.87005234]
217,12.374402426038376,14.171234625973659,8.501869215463465,[-73.11340332 -48.86202621],[-85.4878006 -48.8733139],[-99.65903473 -48.86956787],[-108.16090393  -48.87005234]
218,12.38933304463621,14.170311484509838,8.518875132593658,[-73.08238983 -48.8622551 ],[-85.47171783 -48.87343216],[-99.64202881 -48.86962891],[-108.16090393  -48.87005234]
219,12.416699555634208,14.173416636774483,8.546485910625888,[-73.02430725 -48.86235809],[-85.44100189 -48.87340546],[-99.61441803 -48.86964417],[-108.16090393  -48.87005234]
220,12.455937302087515,14.18535660891307,8.581802376642418,[-72.93781281 -48.8625145 ],[-85.39374542 -48.87331772],[-99.57910156 -48.86967087],[-108.16090393  -48.87005234]
221,12.50619196117444,14.197044838013932,8.63470459985517,[-72.82296753 -48.86263657],[-85.32915497 -48.87327194],[-99.52619934 -48.86963654],[-108.16090393  -48.87005234]
222,12.56399184491752,14.211647492832007,8.706161513147192,[-72.67910767 -48.86300278],[-85.2430954  -48.87316895],[-99.45474243 -48.86955643],[-108.16090393  -48.87005234]
223,12.626644084468838,14.228859378682628,8.793914807439391,[-72.51148987 -48.86333466],[-85.13813019 -48.87308502],[-99.36698914 -48.86958313],[-108.16090393  -48.87005234]
224,12.656825579577987,14.255592679408759,8.894248965649192,[-72.35424042 -48.86365128],[-85.01106262 -48.87289429],[-99.26665497 -48.86981201],[-108.16090393  -48.87005234]
225,12.534778084839564,14.284424132484187,9.010078432359357,[-72.33162689 -48.86370087],[-84.86640167 -48.87280273],[-99.1508255  -48.86985397],[-108.16090393  -48.87005234]
226,12.386241372626875,14.291565231610837,9.1515960721035,[-72.33150482 -48.86370087],[-84.71774292 -48.87270737],[-99.00930786 -48.86982727],[-108.16090393  -48.87005234]
227,12.241931346654608,14.264862278041708,9.322753906531743,[-72.33135986 -48.86370087],[-84.57328796 -48.87261581],[-98.83815002 -48.87012482],[-108.16090393  -48.87005234]
228,12.09880387653516,14.223213349422831,9.507614143394957,[-72.33127594 -48.86370087],[-84.4300766  -48.87252426],[-98.65328979 -48.87043381],[-108.16090393  -48.87005234]
229,11.978007643841677,14.152130229679837,9.699539208605367,[-72.33123016 -48.86370087],[-84.30923462 -48.87244034],[-98.46136475 -48.87073517],[-108.16090393  -48.87005234]
230,11.92116099025215,14.011253420184103,9.899116565418542,[-72.32937622 -48.86370087],[-84.25053406 -48.87237167],[-98.26178741 -48.87104034],[-108.16090393  -48.87005234]
231,11.917750752504588,13.82263951526652,10.097930990520434,[-72.32258606 -48.8637085 ],[-84.24033356 -48.87251663],[-98.06297302 -48.87134171],[-108.16090393  -48.87005234]
232,11.942706380886813,13.631141690589331,10.292999390497496,[-72.29405975 -48.8638649 ],[-84.236763   -48.87251663],[-97.86790466 -48.87164307],[-108.16090393  -48.87005234]
233,11.999858067584173,13.445137038303836,10.480713053923731,[-72.23519897 -48.86400223],[-84.23505402 -48.87252426],[-97.68019104 -48.87190247],[-108.16090393  -48.87005234]
234,12.086237986632389,13.26491547125891,10.660988062713768,[-72.14876556 -48.86409378],[-84.23500061 -48.87252426],[-97.49991608 -48.87216187],[-108.16090393  -48.87005234]
235,12.197642271627675,13.097816467853997,10.831817881841625,[-72.03363037 -48.86425018],[-84.23126984 -48.87252426],[-97.3290863  -48.87240219],[-108.16090393  -48.87005234]
236,12.3288675459403,12.951866150989929,10.993324576890677,[-71.88684845 -48.86459732],[-84.2157135  -48.87244034],[-97.16757965 -48.87260818],[-108.16090393  -48.87005234]
237,12.45389774054331,12.84252167563882,11.146843297747559,[-71.71764374 -48.86499786],[-84.17153931 -48.8723526 ],[-97.01406097 -48.87281036],[-108.16090393  -48.87005234]
238,12.540330830226631,12.76699068821053,11.294205096854455,[-71.55937958 -48.86536407],[-84.09970856 -48.87217712],[-96.86669922 -48.8730011 ],[-108.16090393  -48.87005234]
239,12.472116442646735,12.713912996011757,11.438446469509408,[-71.53643036 -48.86541748],[-84.00854492 -48.87226486],[-96.72245789 -48.87316895],[-108.16090393  -48.87005234]
240,12.451730575721905,12.591873236135921,11.580994115930118,[-71.53630829 -48.86541748],[-83.98803711 -48.87202835],[-96.57991028 -48.87332916],[-108.16090393  -48.87005234]
241,12.441659776361162,12.503624041635506,11.679459108297891,[-71.53616333 -48.86541748],[-83.97782135 -48.87202835],[-96.48144531 -48.87343597],[-108.16090393  -48.87005234]
242,12.440599290671035,12.496238785642129,11.687988765519988,[-71.53607941 -48.86541748],[-83.97667694 -48.87202835],[-96.47291565 -48.8734169 ],[-108.16090393  -48.87005234]
243,12.437158434223392,12.497901993639676,11.689804561343202,[-71.53604126 -48.86541748],[-83.97319794 -48.87202835],[-96.47109985 -48.8734169 ],[-108.16090393  -48.87005234]
244,12.42130455260029,12.510192948577723,11.693398006018626,[-71.53601074 -48.86541748],[-83.95731354 -48.87202454],[-96.46750641 -48.8734169 ],[-108.16090393  -48.87005234]
245,12.391824574278544,12.526672447154144,11.708107493535781,[-71.53430176 -48.86541748],[-83.92612457 -48.87202072],[-96.45279694 -48.87347031],[-108.16090393  -48.87005234]
246,12.354341463508861,12.546279991852192,11.732399545332576,[-71.52788544 -48.86542892],[-83.88222504 -48.87221527],[-96.42850494 -48.87367249],[-108.16090393  -48.87005234]
247,12.32461721692205,12.571563809638183,11.764168325183345,[-71.50055695 -48.86557388],[-83.82517242 -48.8721199 ],[-96.39673615 -48.87361526],[-108.16090393  -48.87005234]
248,12.310701258459936,12.60089884116501,11.806648864506698,[-71.44265747 -48.86562347],[-83.75335693 -48.87227249],[-96.35425568 -48.87384796],[-108.16090393  -48.87005234]
249,12.311944688560375,12.629531965885088,11.862732551856181,[-71.35669708 -48.86590576],[-83.66864014 -48.8722496 ],[-96.298172   -48.87388229],[-108.16090393  -48.87005234]
250,12.330773891645661,12.659332373900563,11.929230359747159,[-71.24156952 -48.86626434],[-83.57234192 -48.87232971],[-96.23167419 -48.873909  ],[-108.16090393  -48.87005234]
251,12.360322351793483,12.694519143113105,12.007012086762344,[-71.09905243 -48.86679459],[-83.45937347 -48.87247849],[-96.15389252 -48.87407303],[-108.16090393  -48.87005234]
