,c0_c1,c1_c2,c2_c3,p1,p2,p3,p4,v1,v2,v3,v4
0,18.307884216308594,18.307899475097656,18.307891845703125,[-100.          -48.86999893],[-118.30788422  -48.86999893],[-136.61578369  -48.86999893],[-154.92367554  -48.86999893],0.0,0.0,0.0,0.0
1,18.307884216308594,18.307899475097656,18.307891845703125,[-100.          -48.86999893],[-118.30788422  -48.86999893],[-136.61578369  -48.86999893],[-154.92367554  -48.86999893],0.0,0.0,0.0,0.0
2,18.307884216308594,18.307899475097656,18.307891845703125,[-100.          -48.86999893],[-118.30788422  -48.86999893],[-136.61578369  -48.86999893],[-154.92367554  -48.86999893],0.0,0.0,0.0,0.0
3,18.309837341308594,18.307884216308594,18.312652587890625,[-99.99635315 -48.86999893],[-118.30619049  -48.86999893],[-136.61407471  -48.86999893],[-154.92672729  -48.86999893],0.09550646767510092,0.04772401215751658,0.04772334526938284,0.08195887399530603
4,18.32884216309229,18.307075501189363,18.330154418977465,[-99.95761871 -48.86987686],[-118.28646088  -48.86989212],[-136.59353638  -48.87005234],[-154.9236908   -48.87001801],0.6344096147787697,0.3947608548144591,0.38174765291599466,0.14477444222239402
5,18.332801821851657,18.308349609664713,18.303390504132185,[-99.94927216 -48.87030029],[-118.28207397  -48.86996841],[-136.59042358  -48.87007141],[-154.89381409  -48.8698616 ],7.843025455636452e-05,4.0265938523035846e-05,3.469535811937299e-05,0.3675825575284407
6,18.32468414650056,18.309020996526517,18.2623596201769,[-99.94928741 -48.87030029],[-118.27397156  -48.86994553],[-136.58299255  -48.87007141],[-154.84535217  -48.86987686],1.8625895403418168e-05,0.17246779492134837,0.17543124273253083,0.5683930822538193
7,18.322776798247332,18.28377533111955,18.23211670183707,[-99.94926453 -48.87030792],[-118.27204132  -48.86993408],[-136.55581665  -48.87017059],[-154.78793335  -48.8698616 ],1.802739914477629e-05,7.858070034348653e-06,0.3465307755637995,0.626989877679518
8,18.317726139068697,18.250656129939376,18.20619201781048,[-99.9492569  -48.87030792],[-118.26698303  -48.86993408],[-136.51763916  -48.87020493],[-154.72383118  -48.86999512],1.096244122139706e-05,0.06456305826682297,0.4206833951734363,0.6735992634939103
9,18.299423222761007,18.222290040452425,18.17454528847066,[-99.94924927 -48.87030792],[-118.24867249  -48.86988068],[-136.47096252  -48.87010574],[-154.64550781  -48.86998749],6.034509525926763e-06,0.2809644987564862,0.49826172106925637,0.8527227497383791
10,18.267837526963138,18.196510314943005,18.14178466796875,[-99.94771576 -48.87030792],[-118.21555328  -48.87000275],[-136.4120636   -48.86999512],[-154.55384827  -48.86999512],0.08569795189553728,0.3658168426650086,0.6757963633209885,0.96876004809766
11,18.23493194786926,18.16564941491003,18.118484497149023,[-99.93732452 -48.87029266],[-118.17225647  -48.87001801],[-136.33790588  -48.86984253],[-154.45639038  -48.86989594],0.2212006258520805,0.4921822287396814,0.8130474686651117,0.9987707088544123
12,18.180343628477576,18.14064789235649,18.092971801952448,[-99.93573761 -48.87030029],[-118.11608124  -48.87015915],[-136.25672913  -48.86977005],[-154.34970093  -48.86985397],1.7299433544695327e-05,0.6470551542787053,0.8584973578201679,1.1261327862156332
13,18.111366272583695,18.120788578815816,18.06399536137686,[-99.93573761 -48.87030029],[-118.04710388  -48.87015152],[-136.16789246  -48.86974335],[-154.23188782  -48.86978531],5.234706427889874e-06,0.6664591479373418,0.968231041368955,1.1978603228814928
14,18.03854370161113,18.094718938423295,18.041336059596123,[-99.93573761 -48.87030029],[-117.97428131  -48.87017441],[-136.06900024  -48.86973572],[-154.1103363  -48.8697052],4.8182905135871614e-06,0.7247323835403437,1.0589311466350115,1.2370467421999816
15,17.958869937437044,18.069313050095975,18.019088745863797,[-99.93572998 -48.87030029],[-117.89459991  -48.86995316],[-135.96391296  -48.86978531],[-153.98300171  -48.86962128],2.9029738962314367e-06,0.7761498542655231,1.1100192454810938,1.3100333781524434
16,17.877174385080334,18.04212951665036,17.99577331758428,[-99.93419647 -48.87030029],[-117.81137085  -48.86977768],[-135.85350037  -48.86981964],[-153.84927368  -48.86954117],0.08595598053948088,0.8048984377812498,1.1675132796780117,1.3491007740468193
17,17.80213166215109,18.011054993228818,17.975479130874294,[-99.92410278 -48.87030029],[-117.72623444  -48.86972427],[-135.73728943  -48.86986542],[-153.71276855  -48.8694458 ],0.1816300479917509,0.8193690888470496,1.2191330506637146,1.38195293457107
18,17.75216675764136,17.977676394191782,17.955078133286573,[-99.88731384 -48.87019348],[-117.63948059  -48.86960983],[-135.61715698  -48.86991501],[-153.57223511  -48.86936951],0.5137326337924656,0.8391665344345758,1.2498630572655454,1.425432049396114
19,17.734710705216077,17.944221503862764,17.933303845433088,[-99.81560516 -48.87010193],[-117.55031586  -48.86945343],[-135.49453735  -48.8699646 ],[-153.42784119  -48.86929703],0.8900382275430803,0.8699458465902502,1.272134331131541,1.4556276913523332
20,17.665771486945467,17.91370392653204,17.911224382978617,[-99.79039764 -48.86977768],[-117.45616913  -48.86947632],[-135.36987305  -48.87001419],[-153.28109741  -48.86921692],0.00016340790992845966,0.9606918542106606,1.2904237768978475,1.477353823371489
21,17.647460941379283,17.80558777981499,17.888793967583556,[-99.79042053 -48.86977386],[-117.43788147  -48.86940384],[-135.24346924  -48.87003708],[-153.13226318  -48.86914444],4.408850151645487e-05,5.2701513638686646e-05,1.308954621476785,1.49718941283295
22,17.64271545798189,17.763511669552322,17.785156277231522,[-99.79036713 -48.86977386],[-117.43308258  -48.86940384],[-135.19659424  -48.87005234],[-152.98175049  -48.86906815],4.187761216226157e-05,0.1330230245596069,0.00020708191783803427,1.5104638521988352
23,17.64408111960268,17.75716401415719,17.741180420514084,[-99.78862    -48.86977386],[-117.43270111  -48.86940384],[-135.18986511  -48.87007523],[-152.93104553  -48.86993027],0.09046461834331915,6.533116471379726e-05,0.13340770606243985,0.0002448818492849486
24,17.653404239104532,17.75831605331403,17.736572267101803,[-99.77654266 -48.86974335],[-117.4299469   -48.86940384],[-135.18826294  -48.87009048],[-152.92483521  -48.8698616 ],0.2710962259541092,0.0924884751441952,9.526726341457098e-05,0.16209534108335172
25,17.681152345435542,17.768638622259918,17.737350465199945,[-99.73654938 -48.86969757],[-117.41770172  -48.86945343],[-135.18634033  -48.87009048],[-152.9236908   -48.86987305],0.5605915142395956,0.11151488390055787,0.0936270209262,0.00011532003545329389
26,17.735153199227213,17.77950288265834,17.747497562216253,[-99.65958405 -48.86970139],[-117.39473724  -48.86951447],[-135.17424011  -48.87022018],[-152.92173767  -48.8698616 ],0.9485482659503407,0.3089579642873549,0.10079924615893397,0.0936576902185485
27,17.723693850153865,17.793266317830703,17.75746155543013,[-99.63510895 -48.86974335],[-117.3588028  -48.8694458],[-135.15206909  -48.87031937],[-152.90953064  -48.86980057],0.00015640192064950297,0.410221854337703,0.30938541933730945,0.18284826759294906
28,17.71987915544975,17.795883207206582,17.737808236891915,[-99.63511658 -48.86974335],[-117.35499573  -48.86931992],[-135.15087891  -48.870327  ],[-152.88868713  -48.86975098],4.838241224871561e-05,2.5985342252382765e-05,6.567724809362971e-06,0.27240738694029853
29,17.715621953302527,17.795623807792932,17.715240488768774,[-99.63505554 -48.86974335],[-117.35067749  -48.86931992],[-135.14630127  -48.870327  ],[-152.86154175  -48.86972427],4.443534338546775e-05,0.09043619062185616,0.10265835800586703,0.30478835642635616
30,17.71749878435668,17.79549410808611,17.6842041130371,[-99.63330841 -48.86974335],[-117.35080719  -48.86931992],[-135.14630127  -48.870327  ],[-152.83050537  -48.86968994],0.09043784174306299,1.6489180492304934e-05,9.04407588380807e-06,0.3469485314795251
31,17.7251129195647,17.794609098321903,17.653091444770354,[-99.62151337 -48.86972046],[-117.34662628  -48.86931992],[-135.14123535  -48.870327  ],[-152.79432678  -48.86962128],0.2369634891208493,0.06386133345065298,0.12160201423885013,0.39668785732924655
32,17.755210884268937,17.806167631018248,17.615417499384552,[-99.57968903 -48.86984634],[-117.3348999   -48.86931992],[-135.1410675  -48.870327 ],[-152.75648499  -48.86951065],0.5563157784004135,0.13519321382866376,3.080610094807854e-07,0.39644187937688746
33,17.810333265189318,17.824241665990975,17.57952882353511,[-99.50225067 -48.87001801],[-117.31258392  -48.86933136],[-135.13682556  -48.870327  ],[-152.71635437  -48.8696022 ],0.9192818826122116,0.26928720526676,0.08972980100350866,0.3719223475139811
34,17.794937159754447,17.84390261276741,17.553909325236305,[-99.48167419 -48.87034607],[-117.27661133  -48.86938477],[-135.12051392  -48.870327  ],[-152.67442322  -48.8694191 ],0.0001333768880543458,0.4200822162318372,0.19295707490518543,0.43044044939158843
35,17.791053792492995,17.822067278575197,17.57516481231984,[-99.48166656 -48.87034607],[-117.27272034  -48.86949158],[-135.0947876   -48.87028885],[-152.66995239  -48.86950684],4.992068075963518e-05,2.966607542314843e-05,0.2773960374262707,7.410468193884491e-06
36,17.786941548845395,17.794670121664577,17.602523821081864,[-99.48162079 -48.87034607],[-117.26856232  -48.86949158],[-135.06323242  -48.87026215],[-152.66575623  -48.86948013],4.373513560509655e-05,0.06449250906398582,0.33231013493097583,0.08841083401042259
37,17.78642275001787,17.762664816969306,17.635208152667616,[-99.48158264 -48.87034607],[-117.26800537  -48.86949158],[-135.03067017  -48.87037659],[-152.6658783   -48.86948013],2.6095930036333594e-05,1.338571843507856e-05,0.37614148266751746,2.6885791278407293e-05
38,17.78356172688907,17.73464968144234,17.663635279036914,[-99.4799881  -48.87034607],[-117.2635498   -48.86949539],[-134.99819946  -48.87040329],[-152.66183472  -48.86946106],0.08712785097157123,0.0942587034375091,0.3818917565927616,0.0503663459295854
39,17.785369893027624,17.708274865570587,17.686981230279027,[-99.46857452 -48.87034988],[-117.2539444   -48.86950684],[-134.96221924  -48.87043381],[-152.64920044  -48.8694191 ],0.26875035839979855,0.10032567463531214,0.4009304262161285,0.19573589915290768
40,17.814674393942184,17.683265699366462,17.706253069195864,[-99.42723083 -48.87028885],[-117.24190521  -48.86952209],[-134.9251709   -48.87020874],[-152.63142395  -48.86942291],0.5664759963279872,0.18147532939585506,0.38922641491507143,0.133184507456136
41,17.797332772748153,17.671524061191725,17.72264100948885,[-99.41896057 -48.87005615],[-117.21629333  -48.86948776],[-134.88781738  -48.87017441],[-152.61045837  -48.86936951],6.401998154632464e-05,0.32107620838753553,0.4137326832128522,0.25194779870722905
42,17.79572297163256,17.6332016103549,17.76103211928086,[-99.41896057 -48.87005615],[-117.21468353  -48.86945343],[-134.84788513  -48.87008286],[-152.60891724  -48.86935806],2.3431479434620222e-05,1.756538619214199e-05,0.45630365991774613,8.801176566127939e-06
43,17.79228211470094,17.634841929907413,17.758560196084115,[-99.41894531 -48.87005615],[-117.21122742  -48.86945343],[-134.84606934  -48.87007523],[-152.60462952  -48.86933517],2.056657625015478e-05,0.006983236856003964,3.9613844889137854e-06,0.09005156618811118
44,17.779754649813082,17.647361767286483,17.73620607012699,[-99.41892242 -48.87005615],[-117.19867706  -48.86942673],[-134.84603882  -48.87007523],[-152.58224487  -48.86933517],1.2304617802124291e-05,0.14058321523023945,4.2104851066800254e-05,0.3925493789967516
45,17.77977753854339,17.648880017364448,17.731353781662,[-99.41735077 -48.87005615],[-117.1971283   -48.86941147],[-134.8460083   -48.87007523],[-152.57736206  -48.86919403],0.0867279922410213,7.66931199501546e-06,2.8444362787350827e-05,3.384848742421888e-05
46,17.786132823908844,17.650909436308325,17.728012107819776,[-99.40705872 -48.87004852],[-117.19319153  -48.86941147],[-134.84410095  -48.87007523],[-152.57211304  -48.86917496],0.19392700547500932,0.08587704341026985,0.065962798953575,0.1620458215693134
47,17.814346326709774,17.659568797567847,17.728179954888322,[-99.36865997 -48.87014008],[-117.18300629  -48.86945343],[-134.84257507  -48.87007523],[-152.570755    -48.86916733],0.5142858372548419,0.16774139880933245,0.06331177062268503,6.487957573594259e-07
48,17.806007389340145,17.67594147679547,17.726287865636884,[-99.35928345 -48.86987686],[-117.16529083  -48.86949539],[-134.8412323   -48.87007523],[-152.56752014  -48.86915588],6.839780626628696e-05,0.19698988614507068,0.06272007531550418,0.05126200389692103
49,17.782653812056882,17.697769173564108,17.72740175723695,[-99.35928345 -48.86987686],[-117.14193726  -48.86952591],[-134.83970642  -48.87007523],[-152.56710815  -48.86915588],2.102791639307663e-05,0.24449839603004236,0.06665627665615204,1.033210648843347e-06
50,17.75761413944007,17.720153817466482,17.725830103370672,[-99.35926819 -48.86987686],[-117.11688232  -48.86951447],[-134.83703613  -48.87007523],[-152.56286621  -48.86912918],1.9294888469485248e-05,0.19992740563678024,0.0919552222225664,0.08886689103443766
51,17.731376652135133,17.739654554010887,17.73274234015046,[-99.3592453  -48.86987686],[-117.09062195  -48.86949158],[-134.83027649  -48.87017059],[-152.5630188   -48.86912918],1.1571573375983877e-05,0.2897453334690997,0.09669954243945895,3.3616459877888165e-07
52,17.73139953999373,17.73328401062453,17.736785922226108,[-99.35767365 -48.86987686],[-117.08907318  -48.86950684],[-134.82235718  -48.87021255],[-152.55914307  -48.86912155],0.0867478238965336,3.046142381635789e-06,0.12142547207839625,0.08500538164185319
53,17.738777165340597,17.720329304360728,17.753143352514545,[-99.34710693 -48.86991501],[-117.08588409  -48.86950684],[-134.80621338  -48.87034225],[-152.55935669  -48.86912155],0.2181736577701997,0.010323200473889588,0.1634012234160507,8.885771898382535e-07
54,17.76716614642458,17.73119356023376,17.750869793740293,[-99.30625153 -48.87010574],[-117.07341766  -48.8695488 ],[-134.80461121  -48.87034225],[-152.55548096  -48.86911011],0.5441379528145814,0.1703018747434024,1.1188040849232407e-05,0.08506542645407676
55,17.841758732696302,17.729393022786386,17.754669232207704,[-99.2298584 -48.8699646],[-117.07161713  -48.86955643],[-134.80101013  -48.87034225],[-152.55567932  -48.86911011],0.9059603355191982,6.459710601472161e-06,0.08253671007140717,1.3081045115423723e-06
56,17.857917789557547,17.733528154618263,17.750549359968826,[-99.20979309 -48.86993027],[-117.06771088  -48.86955643],[-134.80123901  -48.87034225],[-152.55178833  -48.86909866],0.0001308040171176616,0.08550746059757706,5.5915758857932375e-06,0.08516344540054074
57,17.858100895026254,17.730201738775385,17.75389103503293,[-99.20979309 -48.86993027],[-117.06789398  -48.86955643],[-134.7980957   -48.87034607],[-152.55198669  -48.86909866],4.811432520374622e-05,5.166816417141904e-06,0.011651602803709582,1.4588331987229838e-06
58,17.85477447901136,17.729911821783485,17.754592939865738,[-99.20974731 -48.86993027],[-117.06452179  -48.86955643],[-134.79443359  -48.87034607],[-152.54902649  -48.86909103],4.2372946386235756e-05,0.00772882490930855,0.01289458332747284,0.0136268769686015
59,17.85046387110215,17.73240663379273,17.754745527755983,[-99.20799255 -48.86993027],[-117.05845642  -48.86955643],[-134.79086304  -48.87034607],[-152.54560852  -48.86909103],0.09043571400832391,0.06581335569473021,0.013167687285086164,0.015313665851335097
60,17.85620880584792,17.734924333985546,17.75508122111452,[-99.19600677 -48.86996078],[-117.05221558  -48.86955643],[-134.78713989  -48.87034607],[-152.54222107  -48.86909103],0.25018111597936593,0.06865152024316067,0.008506775643982993,0.014599589682960507
61,17.889007578005334,17.737312332174305,17.758636515263223,[-99.15364838 -48.87014389],[-117.04265594  -48.86955643],[-134.77996826  -48.87029266],[-152.53860474  -48.86909103],0.5613546865637511,0.19099183511038642,0.12601448172259544,0.01110722297409428
62,17.946014415469065,17.756179825312053,17.752533000953488,[-99.07701111 -48.87019348],[-117.02302551  -48.86956024],[-134.77920532  -48.87030792],[-152.53173828  -48.86908722],0.9421287838788902,0.25089308622926704,5.896056505738163e-06,0.14800551983334778
63,17.961532597154843,17.77880097703237,17.75495914840869,[-99.03603363 -48.87003326],[-116.99756622  -48.86963654],[-134.77636719  -48.87030792],[-152.53132629  -48.86908722],0.00026952200611935563,0.3258200066282318,0.01469873429672536,5.787258231598831e-06
64,17.958946228708392,17.77673340220958,17.756423988815236,[-99.03607941 -48.87002945],[-116.99502563  -48.86987305],[-134.77175903  -48.87023926],[-152.52818298  -48.86906815],4.639279238855755e-05,1.7516488692509934e-05,0.04129303540909066,0.08595346467398124
65,17.954956055368697,17.779891971623826,17.75750736308831,[-99.036026   -48.87002945],[-116.99098206  -48.86987305],[-134.77087402  -48.87024307],[-152.52838135  -48.86906815],5.1237669360981245e-05,0.055419889413886675,2.9011360648357064e-06,3.657828383484529e-07
66,17.956291199411616,17.776535038030804,17.75828556285787,[-99.03423309 -48.87002945],[-116.99052429  -48.86987305],[-134.76705933  -48.87024307],[-152.52534485  -48.86904526],0.09076070131836264,9.165168331441926e-06,0.08421121629313616,0.012971836505109916
67,17.9650497444012,17.78019714740501,17.754623453491206,[-99.02202606 -48.87003708],[-116.98707581  -48.86987305],[-134.76727295  -48.87024307],[-152.52189636  -48.86904526],0.25565468379229345,0.007204440121555243,2.626450152254264e-07,0.015843045822189112
68,17.999206542970366,17.785507205840517,17.753891031617872,[-98.98005676 -48.86988831],[-116.97926331  -48.86988068],[-134.76477051  -48.87024307],[-152.5186615   -48.86904526],0.5650092731198224,0.14097703780996396,0.018489273500137654,0.01767055912241722
69,18.058639527147218,17.800636298200818,17.753738443727595,[-98.90259552 -48.86992264],[-116.96123505  -48.86975479],[-134.76187134  -48.87024307],[-152.51560974  -48.86904526],0.9055384864037861,0.21069493695707772,0.021043880131597744,0.01915562797239621
70,18.063018798907077,17.82213592897746,17.753601114626345,[-98.87392426 -48.86982727],[-116.93694305  -48.86988068],[-134.75907898  -48.87024307],[-152.51268005  -48.86904526],0.00017957378857544082,0.31945869727706305,0.02092835147934507,0.020416990642320686
71,18.061721801836768,17.820205692161455,17.754013101930095,[-98.87393188 -48.86982727],[-116.93565369  -48.86988068],[-134.75585938  -48.87024307],[-152.50987244  -48.86904526],4.996207218997935e-05,1.4118021305500556e-05,1.4442267269440891e-05,0.02163418704193442
72,18.05814361580163,17.822792056907012,17.752365152972896,[-98.87388611 -48.86982727],[-116.93202972  -48.86988068],[-134.75482178  -48.87024307],[-152.50718689  -48.86904144],4.715367195814617e-05,0.019358867778413492,1.922960735976188e-06,0.022796187923708765
73,18.056938171465696,17.820220950950514,17.753601114884127,[-98.87384796 -48.86982727],[-116.93078613  -48.86988068],[-134.75100708  -48.87024307],[-152.50460815  -48.86904144],2.845919592503859e-05,6.819345118174391e-06,0.08372318850093032,0.023938864934683324
74,18.054557800371956,17.82473755251208,17.750930826804307,[-98.87192535 -48.86982727],[-116.92648315  -48.86988068],[-134.7512207   -48.87024307],[-152.50215149  -48.86904144],0.09456366705203835,0.08927025082233954,7.590522699861317e-07,0.02473790503067278
75,18.06298065185587,17.826751712667914,17.750412027977372,[-98.85959625 -48.86987686],[-116.9225769   -48.86988068],[-134.74932861  -48.87024307],[-152.4997406   -48.86904144],0.27916489582972875,0.08720072423394054,0.024629781328458885,0.025574910506827468
76,18.100021362666475,17.82923126589006,17.75048832192251,[-98.81771088 -48.86999512],[-116.91773224  -48.86988068],[-134.7469635   -48.87024307],[-152.49745178  -48.86904144],0.5598456576316271,0.1056341257388724,0.026215635525366505,0.026974632467895127
77,18.088836670810412,17.843231206658846,17.75061039223473,[-98.81263733 -48.86997986],[-116.901474    -48.86980057],[-134.7447052   -48.87024307],[-152.49531555  -48.86904144],4.879320997434067e-05,0.22139689912850719,0.026814524372941385,0.028670224514905154
78,18.087478638583917,17.842315679315377,17.750930826804307,[-98.81263733 -48.86997986],[-116.90011597  -48.86980057],[-134.74243164  -48.87024307],[-152.49336243  -48.86904144],2.341796369579238e-05,1.570727062607842e-05,0.02587769211123075,0.030513910370515058
79,18.083976746494244,17.843460088494712,17.75154117836541,[-98.81261444 -48.86997986],[-116.89659119  -48.86980057],[-134.74005127  -48.87024307],[-152.49159241  -48.86904144],1.950753631381898e-05,0.01177187842012739,0.024887826636211478,0.03244467705635761
80,18.071098328603433,17.85395813555721,17.752365152972896,[-98.81259918 -48.86997986],[-116.88369751  -48.86979294],[-134.73765564  -48.87024307],[-152.49002075  -48.86904144],1.1590091674287892e-05,0.14765921875423618,0.0251223540973215,0.03443750655967296
81,18.071350098545647,17.852874761343383,17.75407413734398,[-98.8110199  -48.86997986],[-116.88237     -48.86980057],[-134.73524475  -48.87024307],[-152.48931885  -48.86904144],0.08674068478767888,8.904859362996476e-06,0.02469895992747082,1.949623551573232e-07
82,18.077636719838317,17.85435486388199,17.756546061166446,[-98.80078125 -48.86999893],[-116.87841797  -48.86980057],[-134.73277283  -48.87024307],[-152.48931885  -48.86904144],0.18917686577476553,0.08615253274745674,0.024391552705912162,2.161715517835073e-06
83,18.116722107483405,17.851715093374988,17.759002726199885,[-98.76187897 -48.86994171],[-116.87860107  -48.86980057],[-134.73031616  -48.87024307],[-152.48931885  -48.86904144],0.5443838340323766,3.355911883686253e-06,0.024619013351842748,1.4860728819413408e-06
84,18.122062684750002,17.849296575309324,17.76142887365527,[-98.75653076 -48.87004471],[-116.87859344  -48.86980057],[-134.72789001  -48.87024307],[-152.48931885  -48.86904144],5.0949851354647875e-05,5.338116468466345e-06,0.025066372316880595,8.401433718408716e-07
85,18.118949891781533,17.850067144156743,17.763778727165516,[-98.75652313 -48.87004471],[-116.87547302  -48.86980057],[-134.72554016  -48.87024307],[-152.48931885  -48.86904144],2.04901286897421e-05,0.07706391782014153,0.026114156764622882,4.2938863183845766e-07
86,18.116462709164573,17.8503189141762,17.7660370279416,[-98.75650024 -48.87004471],[-116.87296295  -48.86980057],[-134.72328186  -48.87024307],[-152.48931885  -48.86904144],1.7682567981786015e-05,0.07221992939942215,0.027029959798349962,5.042900539863759e-07
87,18.114341737485077,17.850265508414495,17.768219034772546,[-98.75649261 -48.87004471],[-116.87083435  -48.86980057],[-134.72109985  -48.87024307],[-152.48931885  -48.86904144],1.0517365308063712e-05,0.0699872356663248,0.02766217885870483,4.1972182585289977e-07
88,18.11369323894998,17.850379949332428,17.770324747658357,[-98.75492096 -48.87004471],[-116.8686142   -48.86980057],[-134.71899414  -48.87024307],[-152.48931885  -48.86904144],0.08668875242303381,0.07326996233755609,0.028303372132700504,3.297368709699229e-07
89,18.119758607601774,17.852516179800524,17.77236942538806,[-98.74467468 -48.87004471],[-116.86443329  -48.86980057],[-134.71694946  -48.87024307],[-152.48931885  -48.86904144],0.1848563460932028,0.053585066142608606,0.028968837426745078,2.6787090048180733e-07
90,18.145118716141305,17.8635177661589,17.77436832675068,[-98.70631409 -48.87014008],[-116.8514328   -48.86982346],[-134.71495056  -48.87024307],[-152.48931885  -48.86904144],0.5099068300751682,0.14552510658023013,0.029735714526804673,2.60536992280584e-07
91,18.19496155370633,17.88471222425078,17.776260416590105,[-98.6333847  -48.87028122],[-116.82834625  -48.86981964],[-134.71305847  -48.87024307],[-152.48931885  -48.86904144],0.8819484276283915,0.24702341660442637,0.030215720029100463,2.5258845924622398e-08
92,18.179374702336162,17.914207466456745,17.778183024007586,[-98.61755371 -48.87023163],[-116.79692841  -48.86970901],[-134.71113586  -48.87024307],[-152.48931885  -48.86904144],0.00011036267207114945,0.37216073067310257,0.029607389477644276,4.533809386962125e-08
93,18.177543647217128,17.913963325383452,17.780258219315346,[-98.61755371 -48.87023163],[-116.79509735  -48.86972427],[-134.70906067  -48.87024307],[-152.48931885  -48.86904144],4.5183389845124475e-05,1.743642414806435e-05,0.026685072390995306,4.764403057344013e-09
94,18.17401886694506,17.916755683891584,17.78103641781396,[-98.61750793 -48.87023163],[-116.79152679  -48.86972427],[-134.70828247  -48.87024689],[-152.48931885  -48.86904144],3.8830649993207796e-05,0.01397398366272881,6.099408336210396e-07,3.704489901552976e-08
95,18.1745681833511,17.91794586943795,17.78103641781396,[-98.61576843 -48.87023163],[-116.79033661  -48.86972427],[-134.70828247  -48.87024689],[-152.48931885  -48.86904144],0.09037264638087072,1.0926734230844254e-05,2.3588481295303745e-06,2.861143048443506e-08
96,18.181228647063374,17.920104988089378,17.78320316585586,[-98.6047821  -48.87030792],[-116.78601074  -48.86972427],[-134.70611572  -48.87024689],[-152.48931885  -48.86904144],0.2313228856154398,0.0896065106478275,0.06810557173791282,3.2891344036625265e-08
97,18.218757644736588,17.924720771668007,17.782821695871995,[-98.5630188  -48.87047195],[-116.78177643  -48.86972427],[-134.70649719  -48.87024307],[-152.48931885  -48.86904144],0.5861963233455086,0.09352465194023818,6.057007084792017e-07,2.7923554556894575e-10
98,18.286399849789994,17.934288030551325,17.783340494698933,[-98.48529053 -48.87034988],[-116.77169037  -48.86979294],[-134.70597839  -48.87024307],[-152.48931885  -48.86904144],0.9453936866051147,0.21437519508622535,0.054094739853968676,1.2366882809756076e-09
99,18.286773715102406,17.95983124690826,17.78285221345005,[-98.45986176 -48.87077713],[-116.74663544  -48.86967087],[-134.70646667  -48.87024307],[-152.48931885  -48.86904144],0.00016516220261056236,0.292505956608698,8.12979495501318e-07,2.1819001424795056e-09
100,18.284866365784282,17.959167489223397,17.785415690006698,[-98.45986938 -48.87077713],[-116.74473572  -48.86968231],[-134.7039032   -48.87024307],[-152.48931885  -48.86904144],4.9691618925703314e-05,2.002303406602093e-05,0.07259802605032187,5.081608641860003e-09
101,18.280708345772204,17.96369934957275,17.785095255437117,[-98.45981598 -48.87077713],[-116.74052429  -48.86968231],[-134.70422363  -48.87024307],[-152.48931885  -48.86904144],4.570261898051106e-05,0.08883058877259976,1.6691727890371222e-06,3.974104233876798e-09
102,18.2826156944016,17.9613571254528,17.787292521057104,[-98.45805359 -48.87077713],[-116.74066925  -48.86968231],[-134.70202637  -48.87024307],[-152.48931885  -48.86904144],0.09053694215770108,8.335403113883147e-06,0.021748377263132168,8.898886366536783e-10
103,18.29105380383108,17.962814339807558,17.789840738824726,[-98.44561005 -48.87076187],[-116.73666382  -48.86968231],[-134.69947815  -48.87024307],[-152.48931885  -48.86904144],0.28647050441522054,0.04698479712110534,0.025261190099118404,1.8469465554427577e-09
104,18.321327240385692,17.97150421970478,17.79206852202277,[-98.40441895 -48.87076187],[-116.72574615  -48.86969757],[-134.69725037  -48.87024307],[-152.48931885  -48.86904144],0.5605915974420623,0.11923904830429025,0.028346555585084806,2.6546604581628195e-08
105,18.37541963399521,17.992500308524523,17.79400638822929,[-98.32739258 -48.87069321],[-116.70281219  -48.86989594],[-134.6953125   -48.87024307],[-152.48931885  -48.86904144],0.9606811066236999,0.3010295692696417,0.030573601272108716,2.6732912493127984e-08
106,18.359893837901353,18.025978093624577,17.795822184123587,[-98.30762482 -48.87100601],[-116.66751862  -48.8698082 ],[-134.6934967   -48.87024307],[-152.48931885  -48.86904144],0.00013100917022600462,0.37940907117777745,0.031188601975544333,7.657578804321152e-10
107,18.357505850566202,18.02650452732549,17.797683756384966,[-98.30762482 -48.87100601],[-116.66513062  -48.86962128],[-134.69163513  -48.87024307],[-152.48931885  -48.86904144],4.947326659577237e-05,2.2290159808638902e-05,0.0292610436451893,1.4845882124416635e-09
108,18.35333257176948,18.029991160624196,17.798416178258297,[-98.30757904 -48.87100601],[-116.66091156  -48.86962128],[-134.69090271  -48.87024307],[-152.48931885  -48.86904144],4.323608146091019e-05,0.08907167395016956,3.6682230332287243e-07,3.275938794172223e-09
109,18.353515677237713,18.026374827618536,17.80189518215662,[-98.30753326 -48.87100601],[-116.66104889  -48.86962128],[-134.68742371  -48.87024307],[-152.48931885  -48.86904144],2.5784212844810003e-05,1.4709973334978333e-05,0.08004684094645435,3.7718324024040715e-09
110,18.355087332506677,18.02666474461055,17.80162052395412,[-98.30594635 -48.87100601],[-116.66103363  -48.86962128],[-134.68769836  -48.87024307],[-152.48931885  -48.86904144],0.08713312015614677,1.2231431900000997e-05,1.2108632478876813e-06,8.195539781550739e-10
111,18.364036611692672,18.028465281718855,17.8024902749287,[-98.29432678 -48.87099838],[-116.65836334  -48.86962128],[-134.68682861  -48.87024307],[-152.48931885  -48.86904144],0.2810596436351703,0.01703332856437673,0.03555111256385191,2.096367497462885e-09
112,18.399490398729682,18.032318125954845,17.803802530785088,[-98.25370789 -48.87086868],[-116.65319824  -48.86962128],[-134.68551636  -48.87024307],[-152.48931885  -48.86904144],0.5309271604164587,0.1326063661109535,0.03639154553659432,2.9839050866156663e-09
113,18.39006046406268,18.04608918217525,17.805038492696337,[-98.2481308  -48.87084961],[-116.63819122  -48.86964798],[-134.6842804   -48.87024307],[-152.48931885  -48.86904144],5.030773977117653e-05,0.16741292680037653,0.03680549234751389,6.006897617071943e-09
114,18.364219704342947,18.07070923806459,17.806259195818555,[-98.2481308  -48.87084961],[-116.61235046  -48.86965561],[-134.68305969  -48.87024307],[-152.48931885  -48.86904144],2.275050866576199e-05,0.258873438807145,0.03652740309506519,4.5349347478569175e-10
115,18.333755539854394,18.099876417418344,17.807586710463973,[-98.24810028 -48.87084961],[-116.58185577  -48.86954117],[-134.68173218  -48.87024307],[-152.48931885  -48.86904144],1.9167908095962404e-05,0.307971410069539,0.0351146091173236,2.5889050250397442e-08
116,18.298477212556943,18.133605966921454,17.809143106944802,[-98.24809265 -48.87084961],[-116.54656982  -48.86964417],[-134.68017578  -48.87024307],[-152.48931885  -48.86904144],1.1380792216777308e-05,0.38006926196138524,0.031979665554082284,2.598791935702466e-08
117,18.264953654584414,18.16670228114898,17.811142008307442,[-98.246521   -48.87084961],[-116.51147461  -48.86962128],[-134.67817688  -48.87024307],[-152.48931885  -48.86904144],0.08668513931335962,0.36212850163752425,0.025293747247479854,3.423964522431604e-08
118,18.240081820656815,18.198272709915898,17.814971960831215,[-98.23599243 -48.87087631],[-116.47607422  -48.86977005],[-134.67434692  -48.87018967],[-152.48931885  -48.86904144],0.21708038534292162,0.36484072727990585,0.033414431009292624,1.2266053999141336e-09
119,18.23681643447958,18.22671509538306,17.82606510397663,[-98.19972229 -48.87073517],[-116.4365387   -48.86972046],[-134.66325378  -48.87024307],[-152.48931885  -48.86904144],0.5439974989550901,0.4264225976502427,0.139148395110758,1.1892305766833467e-09
120,18.200012228548882,18.268737800774915,17.826950113483527,[-98.19361877 -48.87059021],[-116.39363098  -48.8697052 ],[-134.66236877  -48.87023926],[-152.48931885  -48.86904144],5.2020607784808207e-05,0.41556440123942817,9.865620631629307e-06,3.437535960375554e-08
121,18.151512166288914,18.3137588571254,17.83042911738192,[-98.19361877 -48.87059021],[-116.34513092  -48.8697319 ],[-134.65888977  -48.87023926],[-152.48931885  -48.86904144],1.9596212533580148e-05,0.5335850117694184,0.08152090042039345,3.112426800624759e-09
122,18.14695742292264,18.31855774942589,17.830200235546503,[-98.19360352 -48.87059021],[-116.34056091  -48.86962891],[-134.65911865  -48.87023926],[-152.48931885  -48.86904144],1.714957083746214e-05,1.0942846426541374e-05,2.2106309204233314e-06,3.980840584481268e-09
123,18.14357760115004,18.317955027258257,17.834198038271857,[-98.19358826 -48.87059021],[-116.33716583  -48.86962891],[-134.65512085  -48.87023926],[-152.48931885  -48.86904144],1.0268315083651497e-05,0.0003724440439514529,0.08604159238274572,1.3294652023719812e-09
124,18.12234499805309,18.340942394142814,17.83401493280352,[-98.1920166  -48.87059021],[-116.31436157  -48.86959457],[-134.65530396  -48.87023926],[-152.48931885  -48.86904144],0.08672147088009223,0.3735561742523613,6.385055924571894e-07,2.0596580511272885e-09
125,18.12777712930438,18.34339143019161,17.836685220883435,[-98.18146515 -48.87062073],[-116.30924225  -48.86958313],[-134.65263367  -48.87023926],[-152.48931885  -48.86904144],0.21762790024615528,2.086364509454556e-05,0.016144389348062737,2.621495553047039e-08
126,18.1616897763063,18.346847545239854,17.84011844841476,[-98.14066315 -48.87041092],[-116.30235291  -48.8696022 ],[-134.64920044  -48.87023926],[-152.48931885  -48.86904144],0.5684249842787484,0.1831222186373616,0.013561152897329032,2.6412050125198072e-08
127,18.234214795643343,18.34355164615185,17.845077554084405,[-98.06647491 -48.87029648],[-116.3006897   -48.86960983],[-134.64424133  -48.87022781],[-152.48931885  -48.86904144],0.9204923568323434,3.764803726677186e-08,0.058369226822540296,3.5302184824339055e-08
128,18.254447942011574,18.347541819489432,17.845550576544298,[-98.04177856 -48.87003708],[-116.2962265   -48.86960983],[-134.64376831  -48.87022781],[-152.48931885  -48.86904144],0.00016015825997878715,0.04042848440443864,3.2306361160735434e-06,1.8838569694384123e-09
129,18.252983098261975,18.34507752505724,17.849472085324695,[-98.04178619 -48.87003708],[-116.29476929  -48.86960983],[-134.6398468   -48.87022781],[-152.48931885  -48.86904144],4.701078696118085e-05,8.476100110125682e-08,0.08546619880443546,3.446862553518596e-08
130,18.248641972774884,18.34965516177339,17.84928897985635,[-98.04173279 -48.87003708],[-116.29037476  -48.86960983],[-134.64002991  -48.87022781],[-152.48931885  -48.86904144],4.364533221730046e-05,0.09123640484005212,4.071958620704003e-07,3.41696652565912e-08
131,18.2455062916234,18.354545603665148,17.84928897985635,[-98.03997803 -48.87003708],[-116.28548431  -48.86960983],[-134.64002991  -48.87022781],[-152.48931885  -48.86904144],0.09050205642005044,0.045640189819462954,3.1011498082429347e-06,8.19554015455727e-10
132,18.248199468255827,18.360748301287543,17.851532021843585,[-98.02883911 -48.87005615],[-116.27703857  -48.86961365],[-134.63778687  -48.87022781],[-152.48931885  -48.86904144],0.2139497578261659,0.14333047740790386,0.06910910472003422,2.7029003800720856e-08
133,18.267951972807552,18.38041687926299,17.853317300159954,[-97.98763275 -48.87017059],[-116.25558472  -48.86964798],[-134.63600159  -48.87022781],[-152.48931885  -48.86904144],0.5440875365495845,0.23685029632748777,0.06542389851726416,2.3027646611819816e-09
134,18.31678773577501,18.40662385189071,17.854827920273806,[-97.91107941 -48.87034225],[-116.22786713  -48.8695755 ],[-134.63449097  -48.87022781],[-152.48931885  -48.86904144],0.9302953732956599,0.3259897360155089,0.06401970993369765,5.402518119769124e-09
135,18.29969788760278,18.441711436916695,17.856506387066975,[-97.8914032  -48.87023926],[-116.19110107  -48.86958694],[-134.6328125   -48.87022781],[-152.48931885  -48.86904144],0.0001275499846922512,0.40328260445179814,0.0686120168812028,4.5349350017260305e-10
136,18.295921340960945,18.439796463067125,17.862197916394706,[-97.8914032  -48.87023926],[-116.18732452  -48.86949158],[-134.62712097  -48.87024307],[-152.48931885  -48.86904144],4.837202614486081e-05,2.367795301765319e-05,0.06141891319343972,2.5889050250397442e-08
137,18.29123689272267,18.428825390234355,17.877899204385397,[-97.89135742 -48.87023926],[-116.1825943   -48.86949158],[-134.61141968  -48.87015152],[-152.48931885  -48.86904144],4.231250130999472e-05,0.1083342157141995,0.14036256121107107,4.582309602494179e-09
138,18.29218293764375,18.413803109595435,17.893737822392204,[-97.88959503 -48.87023926],[-116.18177795  -48.86949158],[-134.59558105  -48.8700676 ],[-152.48931885  -48.86904144],0.09049337361947048,1.4539601858328923e-05,0.12840701204294336,3.4329451356661544e-08
139,18.30006409840447,18.401626594999545,17.91004946615072,[-97.87757874 -48.87014008],[-116.17764282  -48.86949158],[-134.57926941  -48.87003708],[-152.48931885  -48.86904144],0.2600495361586287,0.06046035519695803,0.20284219954813107,1.2266053976599048e-09
140,18.33024598771635,18.411781319003556,17.91159060363201,[-97.83570099 -48.87025833],[-116.16594696  -48.86949158],[-134.57772827  -48.87003326],[-152.48931885  -48.86904144],0.5773358053133738,0.13597566147263238,6.233368239288761e-06,1.0484103680154145e-09
141,18.384208694248453,18.42999268408169,17.91540530089179,[-97.75971222 -48.870224  ],[-116.1439209   -48.86948013],[-134.57391357  -48.87003326],[-152.48931885  -48.86904144],0.8982685167308553,0.23648777646509558,0.08462344859021352,3.4423834996885236e-08
142,18.367675786488796,18.465553289848103,17.91520693663428,[-97.74088287 -48.86999512],[-116.10855865  -48.86955643],[-134.57411194  -48.87003326],[-152.48931885  -48.86904144],0.000122582639449833,0.40360088478086226,7.843631869861763e-06,2.9103375254124225e-09
143,18.36324310683268,18.46575928193965,17.919433621198117,[-97.74088287 -48.86999512],[-116.10412598  -48.86962128],[-134.56988525  -48.87003326],[-152.48931885  -48.86904144],4.906667215354041e-05,3.1211866813268065e-05,0.08898626276471532,3.940591421654016e-09
144,18.358917240134357,18.470283512895556,17.919281033307726,[-97.7408371  -48.86999512],[-116.09975433  -48.86962128],[-134.57003784  -48.87003326],[-152.48931885  -48.86904144],4.239568786996837e-05,0.07796086906582833,1.124656323255103e-06,9.221860474906759e-10
145,18.358268741599336,18.46680450899017,17.92344668271541,[-97.74079895 -48.86999512],[-116.09906769  -48.86962128],[-134.56587219  -48.87003326],[-152.48931885  -48.86904144],2.527019199350827e-05,1.2506891697680792e-05,0.08835949012168781,1.6386440863523524e-09
146,18.355087284080465,18.47173309785613,17.923294094825017,[-97.73920441 -48.86999512],[-116.09429169  -48.86962128],[-134.56602478  -48.87003326],[-152.48931885  -48.86904144],0.08716984442809365,0.10939655405404426,8.619881017628788e-07,2.6119608123296702e-08
147,18.35424042048096,18.47950745062995,17.927322415131353,[-97.7282486 -48.8699646],[-116.08248901  -48.86963272],[-134.56199646  -48.87003326],[-152.48931885  -48.86904144],0.25877749832230423,0.11591874498478427,0.08703103672537865,2.639742097853284e-08
148,18.373947149545668,18.498954780880066,17.927154568451922,[-97.68926239 -48.86996078],[-116.06320953  -48.86949158],[-134.56216431  -48.87003326],[-152.48931885  -48.86904144],0.5461210455213632,0.2401435450835749,1.2803668088547921e-06,1.072553303832554e-09
149,18.3484954926811,18.525688180223586,17.931182888758258,[-97.68395233 -48.87004471],[-116.03244781  -48.86946106],[-134.55813599  -48.87003326],[-152.48931885  -48.86904144],4.812411078956822e-05,0.3719446617721058,0.08681636315226168,1.757831238730024e-09
150,18.347061167634237,18.51856232515527,17.93974306653612,[-97.68395233 -48.87004471],[-116.03101349  -48.86942673],[-134.54957581  -48.86997986],[-152.48931885  -48.86904144],2.1642651624134497e-05,1.6945660754406516e-05,0.15119091166203424,2.6426637877747876e-09
151,18.3429412945897,18.50771332977353,17.954742462286806,[-97.68392181 -48.87004471],[-116.0268631   -48.86942673],[-134.53457642  -48.87009048],[-152.48931885  -48.86904144],1.8235171626819382e-05,0.08828733322638675,0.12071913340487532,3.3423261049356754e-09
152,18.343093882480236,18.490280163280847,17.972030670265138,[-97.68391418 -48.87004471],[-116.02700806  -48.86942673],[-134.51728821  -48.87009048],[-152.48931885  -48.86904144],1.0821783223237092e-05,1.2563187740191218e-05,0.2036145686749146,6.095728623954619e-10
153,18.340080271642105,18.493293773982227,17.973602325313657,[-97.68234253 -48.87004471],[-116.02242279  -48.86942673],[-134.51571655  -48.87008667],[-152.48931885  -48.86904144],0.086734880731601,0.10185810357806466,1.0748637375304426e-05,2.5871635285183937e-08
154,18.337684641632492,18.501930248315546,17.97761538683031,[-97.67208862 -48.87004852],[-116.00977325  -48.86943436],[-134.51170349  -48.87008667],[-152.48931885  -48.86904144],0.18599332031653001,0.14820923036670844,0.08676727868334952,2.8140125665560537e-09
155,18.35498047674306,18.522239696145625,17.977462798939943,[-97.63463593 -48.86998749],[-115.98961639  -48.8694458 ],[-134.51185608  -48.87008667],[-152.48931885  -48.86904144],0.49645175986335066,0.26834388330473075,6.91616953622211e-06,5.285676722797544e-09
156,18.399528514981107,18.546012886895596,17.98179629502637,[-97.5619812  -48.87017822],[-115.9615097   -48.86952591],[-134.50752258  -48.87008667],[-152.48931885  -48.86904144],0.8867651829101295,0.32081601400321635,0.0909975619271657,6.134503647839827e-10
157,18.474189776169112,18.571006782363614,17.9923096000115,[-97.45181274 -48.87036133],[-115.9260025  -48.8695488],[-134.49700928  -48.87007523],[-152.48931885  -48.86904144],1.2825149298437586,0.4194849911059375,0.1125465120404639,2.6182978725431756e-08
158,18.485359199282133,18.593978889615517,18.01136782795865,[-97.39861298 -48.8700676 ],[-115.88397217  -48.86954498],[-134.47795105  -48.87008286],[-152.48931885  -48.86904144],0.000366899973818884,0.46587554668983766,0.2281965082081674,5.657085712450883e-09
159,18.48001099894332,18.569709790953645,18.040939361112425,[-97.39865875 -48.8700676 ],[-115.87866974  -48.86938477],[-134.44837952  -48.87008286],[-152.48931885  -48.86904144],7.129152721312258e-05,2.6459489865095254e-05,0.3322739921208422,3.3941755027035464e-08
160,18.476821912031436,18.57298280049813,18.042785673495093,[-97.39672852 -48.8700676 ],[-115.87355042  -48.86938477],[-134.4465332   -48.87006378],[-152.48931885  -48.86904144],0.09393845482517808,0.06495911902059255,1.7250226080355553e-05,2.79235569452292e-10
161,18.493171706097723,18.570472729699027,18.046829252590165,[-97.37884521 -48.87010956],[-115.87201691  -48.86938477],[-134.44248962  -48.87006378],[-152.48931885  -48.86904144],0.28789393916932576,1.7880343129150268e-05,0.08703117827433361,1.2366882506806686e-09
162,18.535896316814245,18.575790417683756,18.046676664699785,[-97.33095551 -48.87014389],[-115.86685181  -48.86938477],[-134.44264221  -48.87006378],[-152.48931885  -48.86904144],0.6559371810839133,0.11248771718412508,1.206570339228452e-05,2.5750539086952073e-09
163,18.6025161974121,18.588150032306856,18.05056765590448,[-97.24808502 -48.87044907],[-115.8506012   -48.86952209],[-134.43875122  -48.87006378],[-152.48931885  -48.86904144],0.9853193184011583,0.23800367543705228,0.03677343952748365,3.3825240142404085e-09
164,18.598548933063814,18.60766602395997,18.064483673482798,[-97.2186203  -48.87081909],[-115.81716919  -48.86954117],[-134.42483521  -48.87009811],[-152.48931885  -48.86904144],0.00018040816252305633,0.40119345573994636,0.19034256306742162,3.873829164773501e-09
165,18.594032340015453,18.587730417610807,18.088928249638418,[-97.21862793 -48.87081909],[-115.81266022  -48.86942291],[-134.40039062  -48.87002945],[-152.48931885  -48.86904144],5.780132678372888e-05,3.3518491388931213e-05,0.3164434176861945,1.3464290455990066e-09
166,18.588920645980835,18.591674814334027,18.09014895234652,[-97.21857452 -48.87082291],[-115.80749512  -48.86942291],[-134.39916992  -48.87002182],[-152.48931885  -48.86904144],5.245467411214381e-05,0.06770436514647143,1.6595679291342044e-05,2.4405355642899952e-09
167,18.5707245438802,18.60781861481599,18.093994167184626,[-97.21678162 -48.87082291],[-115.7875061   -48.86937332],[-134.39532471  -48.87002182],[-152.48931885  -48.86904144],0.09073382243763388,0.22363015411064316,0.08492858707938268,2.7276949954839165e-08
168,18.55487066419796,18.6240615952381,18.105239892880693,[-97.20514679 -48.87083054],[-115.7600174   -48.86935425],[-134.38407898  -48.86998749],[-152.48931885  -48.86904144],0.22182716017322213,0.29004661406335835,0.10165401878934348,2.676477698566152e-08
169,18.56258397190637,18.636878975268576,18.12509157378577,[-97.1647644  -48.87071228],[-115.72734833  -48.86936951],[-134.36422729  -48.86991501],[-152.48931885  -48.86904144],0.5678144489040389,0.36408881737214366,0.2596008262335403,7.657578512207325e-10
170,18.59463506420588,18.650474556095855,18.154846205420853,[-97.0893631 -48.8706398],[-115.68399811  -48.86921692],[-134.33447266  -48.86975479],[-152.48931885  -48.86904144],0.8939033603605626,0.4845657804853013,0.3204454696260443,1.5055848419382382e-09
171,18.553962768086883,18.678970343396177,18.18742372095631,[-97.0689621  -48.87078476],[-115.6229248   -48.86928558],[-134.30189514  -48.86977768],[-152.48931885  -48.86904144],0.00012812474342656932,0.6493622505590844,0.39993460070266407,2.5543898845642327e-09
172,18.545745920473056,18.645851148037856,18.228759783733906,[-97.0689621  -48.87078476],[-115.61470795  -48.86916351],[-134.26055908  -48.86985397],[-152.48931885  -48.86904144],4.845495388464801e-05,4.448099907211938e-05,0.4603576752623639,3.516754044722221e-09
173,18.540710520101676,18.601036086047205,18.27865602565438,[-97.06891632 -48.87078476],[-115.60962677  -48.86916351],[-134.21066284  -48.86989212],[-152.48931885  -48.86904144],4.2374405845156504e-05,0.06096914659409594,0.5184284196221707,8.195539781550739e-10
174,18.53998572762398,18.551292432282708,18.32916261566596,[-97.06887817 -48.87078476],[-115.60886383  -48.86916351],[-134.16015625  -48.86985397],[-152.48931885  -48.86904144],2.5315166012006124e-05,2.9072142142560592e-05,0.4711965617967185,2.332315936591943e-09
175,18.536872934667134,18.503128058609427,18.38203431240376,[-97.06728363 -48.87078476],[-115.60415649  -48.86916351],[-134.10728455  -48.86966705],[-152.48931885  -48.86904144],0.08717682557367673,0.04903747469192968,0.5760015114831023,2.227745811716136e-09
176,18.529693675109797,18.515968333582197,18.387207045535046,[-97.05644989 -48.87076187],[-115.58614349  -48.869133  ],[-134.10211182  -48.86976624],[-152.48931885  -48.86904144],0.22584998288949357,0.296759666609617,9.74339777211779e-06,5.489142265701322e-09
177,18.565887515453152,18.51382447372017,18.391281142211568,[-97.01832581 -48.87067795],[-115.58421326  -48.869133  ],[-134.09803772  -48.86976624],[-152.48931885  -48.86904144],0.5418723731939971,1.5504612793825014e-05,0.05646522334244661,4.5349347478569175e-10
178,18.56728368115742,18.517539988854715,18.39178468225024,[-97.01271057 -48.87050629],[-115.5799942  -48.869133 ],[-134.09753418  -48.86976624],[-152.48931885  -48.86904144],4.9276798229173854e-05,0.08894109006993069,3.200674528835544e-05,1.3936016892299537e-09
179,18.551887564743904,18.529121410542736,18.395599379512902,[-97.01271057 -48.87050629],[-115.56459808  -48.86911011],[-134.09371948  -48.86976624],[-152.48931885  -48.86904144],2.17008021714445e-05,0.13569162750984326,0.02857350932281903,2.6120908766155426e-08
180,18.528251699125665,18.54039765459798,18.407989515775,[-97.01268005 -48.87050629],[-115.5409317   -48.86912918],[-134.08132935  -48.86975479],[-152.48931885  -48.86904144],1.8301261230726486e-05,0.28408840774492583,0.1893369180447686,3.487379512761084e-08
181,18.496223495181216,18.549758920195124,18.43066407766566,[-97.01267242 -48.87050629],[-115.50889587  -48.86920929],[-134.05865479  -48.86978912],[-152.48931885  -48.86904144],1.0890135323394243e-05,0.3693664494969219,0.27457339666750424,4.939676040261663e-10
182,18.461380051792677,18.558738718785058,18.458099381159958,[-97.01110077 -48.87050629],[-115.47248077  -48.86919022],[-134.03121948  -48.8698082 ],[-152.48931885  -48.86904144],0.08672364241517765,0.4082554894718075,0.3024207292270724,1.5011141036303926e-09
183,18.428405807360285,18.56856537758675,18.49176026964506,[-97.00058746 -48.87052536],[-115.42899323  -48.86922836],[-133.99755859  -48.86980438],[-152.48931885  -48.86904144],0.2175764584096344,0.48258856718299836,0.38038776761108395,3.4395431417124604e-08
184,18.415603675664176,18.574172981420688,18.53765870648438,[-96.96188354 -48.87043381],[-115.37748718  -48.86925125],[-133.95166016  -48.86978912],[-152.48931885  -48.86904144],0.5123572194870061,0.5338896071060208,0.4606410987638387,3.0567569240896017e-09
185,18.361694364611083,18.578659060446714,18.59252930913522,[-96.95643616 -48.87041855],[-115.31813049  -48.8693924 ],[-133.89678955  -48.86971664],[-152.48931885  -48.86904144],4.97745516844499e-05,0.5942563085599029,0.590002995960437,3.566993968825161e-09
186,18.29178622094427,18.588935855733588,18.647750870571066,[-96.9564209  -48.87041855],[-115.24820709  -48.86942291],[-133.83714294  -48.86979294],[-152.4848938   -48.86901855],2.044005705430985e-05,0.7359240256441676,0.570030749249283,0.08820067328560284
187,18.282547020184975,18.533081057263303,18.713027970762013,[-96.95640564 -48.87041855],[-115.23895264  -48.86949921],[-133.77203369  -48.8698082 ],[-152.48506165  -48.86901855],1.756696377877504e-05,3.552269028310016e-05,0.7046997970772174,3.6390814346261617e-06
188,18.278297447436444,18.52775574007562,18.72241212651327,[-96.95639801 -48.87041855],[-115.23469543  -48.86949921],[-133.76245117  -48.86981964],[-152.48486328  -48.86901855],1.0436964535410636e-05,0.06838239778141403,3.314828293375959e-05,0.04157269586021875
189,18.279251121751642,18.524185183435527,18.725982682987823,[-96.95481873 -48.87041855],[-115.23406982  -48.86949921],[-133.758255    -48.86981964],[-152.48423767  -48.86902237],0.08673540516961781,4.066771282078234e-05,0.06321590468505643,1.1436605883881563e-07
190,18.285362266763446,18.527427676177194,18.726898210493538,[-96.94454956 -48.87041855],[-115.2299118   -48.86949921],[-133.75733948  -48.86982346],[-152.48423767  -48.86902237],0.1860516071422494,0.06084277162077306,3.843244887298456e-05,1.0735106497873817e-06
191,18.307846092803363,18.5373153713563,18.731140153849033,[-96.9079361  -48.87043381],[-115.21578217  -48.86950684],[-133.75309753  -48.86982346],[-152.48423767  -48.86902237],0.5114811418816458,0.21061204430339858,0.06765578759823469,7.209507948994194e-07
192,18.353851341575712,18.551200868512794,18.744628923367955,[-96.83455658 -48.87048721],[-115.1884079   -48.86956406],[-133.73960876  -48.86982346],[-152.48423767  -48.86902237],0.8932838745852146,0.3343885323387853,0.2323428705882363,6.131249040808772e-07
193,18.344619786435345,18.565307618551746,18.76850892527534,[-96.80712891 -48.8706665 ],[-115.15174866  -48.86952591],[-133.71705627  -48.86975098],[-152.48556519  -48.86902237],0.00017626940245912202,0.4572637381975919,0.23668806840462583,0.037145732184772455
194,18.340171839559787,18.538162231446883,18.800766003749843,[-96.80713654 -48.8706665 ],[-115.14730835  -48.86969757],[-133.68547058  -48.8697052 ],[-152.48623657  -48.86901855],4.499814686555219e-05,2.805664091394082e-05,0.35349613503885696,1.8559518425383683e-06
195,18.335418726572264,18.54113006591797,18.802017224313207,[-96.80709076 -48.8706665 ],[-115.14250946  -48.86970139],[-133.68363953  -48.86970139],[-152.48565674  -48.86901855],4.345556120599043e-05,0.05417975930774891,1.4866721447125188e-05,0.05445380218214196
196,18.33648684220831,18.537246704101562,18.80709840106767,[-96.80532837 -48.87067413],[-115.14181519  -48.86970139],[-133.67906189  -48.86970139],[-152.48616028  -48.86901855],0.09057193279223297,1.5155219495922999e-05,0.04342035596821819,7.888158563436677e-07
197,18.343803429960566,18.525581359910806,18.821990980605428,[-96.79296875 -48.8706398 ],[-115.13677216  -48.86969757],[-133.66235352  -48.86973953],[-152.48434448  -48.86901855],0.26774706237323476,0.09730125792916984,0.23474915938047505,0.025890711490156086
198,18.367172252659362,18.540809631914325,18.82156373495385,[-96.75263214 -48.87054443],[-115.11980438  -48.86989594],[-133.66061401  -48.86975098],[-152.48217773  -48.86901855],0.5688047888372615,0.20043924429058227,9.432865334125275e-06,0.02849157254059622
199,18.413604748291394,18.56653594995196,18.823577895108574,[-96.67646027 -48.8705101 ],[-115.090065    -48.86984634],[-133.65660095  -48.86975098],[-152.48017883  -48.86901855],0.9383667771140058,0.3649336357453677,0.08639061450972021,0.029849667375825336
200,18.39450074293126,18.598945618539947,18.833084120687317,[-96.65180206 -48.87055206],[-115.0463028   -48.86993027],[-133.64524841  -48.86975098],[-152.47833252  -48.86901855],0.00015718535449865583,0.5229644206061131,0.19058077180307723,0.030937398293615626
201,18.38959504225047,18.579864503270482,18.855239880806046,[-96.65180206 -48.87055206],[-115.04139709  -48.86993027],[-133.6212616   -48.86970901],[-152.47650146  -48.86901855],4.817970561894607e-05,3.4705346052080675e-05,0.312156415523167,0.030292601323543836
202,18.384849558854746,18.550933840791448,18.886886605697736,[-96.65175629 -48.87055206],[-115.03660583  -48.86993027],[-133.58753967  -48.8696022 ],[-152.47442627  -48.86901855],4.434571783379611e-05,0.052256032370306744,0.35388417295439767,0.0257925478247342
203,18.385955821061145,18.513359071695344,18.920745861118547,[-96.65000153 -48.87055206],[-115.03595734  -48.86993027],[-133.54931641  -48.86966705],[-152.47006226  -48.86900711],0.09052848817845038,1.8043276808158304e-05,0.41810986267605565,0.05921313886370682
204,18.392478953253068,18.473754883719938,18.959320082952107,[-96.63895416 -48.87055206],[-115.03143311  -48.86993408],[-133.50518799  -48.86975098],[-152.46450806  -48.86900711],0.21991749049539958,0.04265278939250642,0.4498769780322791,0.06191364294279913
205,18.41590882959785,18.441558840808653,18.999771131129208,[-96.59986877 -48.87080765],[-115.01577759  -48.87003708],[-133.45733643  -48.86970901],[-152.45710754  -48.86900711],0.5691863427996878,0.22938113283216205,0.5181682709155885,0.14696863513158634
206,18.46103670034734,18.420074465172153,19.034484877080523,[-96.52373505 -48.87085342],[-114.98477173  -48.87003326],[-133.40484619  -48.86974335],[-152.43933105  -48.86901855],0.9308275332948318,0.35269962190598453,0.57559065700233,0.2288204799078445
207,18.43784334344822,18.408790590845623,19.06745911993224,[-96.50332642 -48.87088394],[-114.94116974  -48.87001038],[-133.34996033  -48.86970901],[-152.41741943  -48.86899185],0.00013258733580805067,0.5190504646355154,0.5447037592405458,0.22830134904286825
208,18.43326570915147,18.354148866369833,19.097320574746966,[-96.50332642 -48.87088394],[-114.9365921   -48.86996078],[-133.29074097  -48.86971664],[-152.38806152  -48.86888504],4.772336473767766e-05,3.2610296716828456e-05,0.6495905769964848,0.3174091976234902
209,18.427818321462993,18.351524358454718,19.070114147426764,[-96.50328064 -48.87088394],[-114.93109894  -48.86996078],[-133.28262329  -48.86951447],[-152.35273743  -48.86884689],4.222232673371167e-05,0.07483054262633193,2.3687362399654243e-05,0.3667711863520643
210,18.426971458671087,18.347084050473995,19.073608410388488,[-96.50324249 -48.87088394],[-114.93021393  -48.86996078],[-133.27729797  -48.86952972],[-152.35090637  -48.86885452],2.526419160850536e-05,1.6125740558095877e-05,0.08591352932493683,9.051829948113734e-06
211,18.42383577752268,18.350471502009718,19.070831311052498,[-96.50164795 -48.87088394],[-114.9254837   -48.86996078],[-133.2759552   -48.86951447],[-152.3467865   -48.86883163],0.08712561286541833,0.04975392349884087,3.312618245298214e-05,0.08768810637950504
212,18.418411275238686,18.363098150332412,19.07453919679231,[-96.49087524 -48.87084198],[-114.9092865   -48.86997604],[-133.27238464  -48.86951447],[-152.34692383  -48.86883163],0.22336219157093673,0.2036230633854461,0.09165790000106426,1.7756693809055903e-05
213,18.42664341252277,18.383438115585868,19.08120728760835,[-96.45186615 -48.87116241],[-114.87850952  -48.86993408],[-133.26194763  -48.86949539],[-152.34315491  -48.86881256],0.5455205418811409,0.3493447204418395,0.10804804679940866,0.02493240094549112
214,18.39167790602175,18.40195465540573,19.091003427007387,[-96.44670868 -48.87110901],[-114.83838654  -48.86975861],[-133.24034119  -48.86935043],[-152.3313446   -48.86876297],4.747128755130715e-05,0.43048635313374134,0.29559835996241857,0.13611086564584204
215,18.34136968831909,18.417060854707206,19.10670472059683,[-96.44669342 -48.87110901],[-114.78806305  -48.86963272],[-133.2051239   -48.86931992],[-152.31182861  -48.8687439 ],2.167958925540644e-05,0.4989336846556015,0.3997917379549541,0.21533251362608333
216,18.28510290822377,18.43292236755061,19.121871958854076,[-96.44667816 -48.87110901],[-114.73178101  -48.86957932],[-133.16470337  -48.86918259],[-152.28657532  -48.86854553],1.8232905193082827e-05,0.5955210937048974,0.4175393987363386,0.3041867288824199
217,18.22671515144238,18.442321780755996,19.13816834897591,[-96.44667053 -48.87110901],[-114.67338562  -48.86958694],[-133.1157074   -48.86923218],[-152.25387573  -48.86849976],1.0797649048109971e-05,0.6148012414245956,0.5424449082418646,0.33530074574879737
218,18.169860897972168,18.43849182735654,19.16061402695083,[-96.44509888 -48.87110901],[-114.61495972  -48.86965561],[-133.05345154  -48.86918259],[-152.21406555  -48.86846924],0.08671761495615742,0.616508466774515,0.6615813418957812,0.44553792576268075
219,18.118080193544465,18.435287477631935,19.17749026412003,[-96.43453217 -48.87104797],[-114.5526123   -48.86964417],[-132.98789978  -48.86936951],[-152.16539001  -48.86830139],0.21750365424387916,0.5862344165912844,0.700520056357463,0.5288320323298012
220,18.091644353401843,18.43336486847352,19.188781790471644,[-96.3951416  -48.87104416],[-114.48678589  -48.86949539],[-132.92015076  -48.8696022 ],[-152.1089325   -48.86818695],0.5436913934136497,0.6478897771383265,0.7373268080971409,0.6236145736897913
221,18.02619176638479,18.43038177700613,19.198639005161898,[-96.39002991 -48.87093735],[-114.41622162  -48.86952972],[-132.84660339  -48.8698082 ],[-152.04524231  -48.86795807],5.0490301024801934e-05,0.6823070123675959,0.8007077359915453,0.6110816130824696
222,18.015136772556943,18.362548833274523,19.206619401813683,[-96.39001465 -48.87093735],[-114.40515137  -48.86954498],[-132.7677002   -48.86997986],[-151.97431946  -48.86766815],2.0705461905312484e-05,2.7119041863652247e-05,0.842835888641699,0.7637612786876949
223,18.010330254016615,18.35127259823908,19.141113496782573,[-96.38999939 -48.87093735],[-114.40032959  -48.86954498],[-132.75160217  -48.87029266],[-151.89271545  -48.8674202 ],1.7784038283492124e-05,0.052368151728255666,5.74699302529115e-05,0.8191402256788196
224,18.009635979116347,18.34674073789128,19.133774006355633,[-96.38999176 -48.87093735],[-114.39962769  -48.86954498],[-132.74636841  -48.87029266],[-151.88014221  -48.86750793],1.0602156301441902e-05,4.614088079044309e-05,0.06817112974526539,4.2839449474639665e-05
225,18.011177116807055,18.34490205396665,19.13037129698641,[-96.38841248 -48.87093735],[-114.39958954  -48.86954498],[-132.74449158  -48.87029648],[-151.87486267  -48.86750793],0.08670484171691431,3.213969725266102e-05,4.9517981575425894e-05,0.06913640171289263
226,18.01873021766561,18.34416200269774,19.13208028413277,[-96.37804413 -48.87094116],[-114.39677429  -48.86954498],[-132.74093628  -48.87029648],[-151.87301636  -48.86748886],0.19726997886887776,0.01561781507397733,0.09131046179813324,4.671894411341239e-05
227,18.051406912589268,18.338394180436957,19.13934346764834,[-96.34030151 -48.87091827],[-114.39170837  -48.86954498],[-132.73010254  -48.87029648],[-151.8694458   -48.86748886],0.5465614764939921,0.12522891625511445,0.171487785393089,0.09167550630882572
228,18.111724918759606,18.333107006233938,19.139679164375277,[-96.26796722 -48.87108231],[-114.37969208  -48.86954498],[-132.71279907  -48.8701973 ],[-151.85247803  -48.86736679],0.8771520810481392,0.15269736913683352,0.2466974239614685,0.24848279155234995
229,18.10635378158142,18.33290101244639,19.13783284420328,[-96.24876404 -48.87038422],[-114.3551178   -48.86949539],[-132.6880188   -48.87014389],[-151.82585144  -48.86735916],0.00013394781894649125,0.3305497841909424,0.3247342192861296,0.2845712353977727
230,18.104789753337723,18.30321503959252,19.135009995188852,[-96.24876404 -48.87038422],[-114.35355377  -48.86954498],[-132.6567688   -48.87022781],[-151.79177856  -48.86726379],4.554097285742077e-05,1.9051465208468442e-05,0.3893849888377652,0.4293558738384167
231,18.10073854484598,18.273162856020164,19.12263514981438,[-96.24871826 -48.87038422],[-114.34945679  -48.86954498],[-132.62261963  -48.87026596],[-151.74525452  -48.86709976],4.035454521476029e-05,0.11523224287305935,0.34817103150687306,0.5532344123450254
232,18.10169984855589,18.23588563497921,19.106460858862963,[-96.24697876 -48.87038422],[-114.34867859  -48.86954498],[-132.58456421  -48.87028122],[-151.69102478  -48.86696625],0.09039846534269316,4.531077987584377e-06,0.39258394958291676,0.572054301056036
233,18.109664936437955,18.195991537266192,19.089310009404965,[-96.23482513 -48.87038422],[-114.34449005  -48.86954498],[-132.54048157  -48.87042236],[-151.62979126  -48.86694336],0.2798020444874412,0.06564301445194158,0.4732732085676932,0.6752805056079109
234,18.136558555248516,18.206054709947658,19.021301617665443,[-96.1938858  -48.87037659],[-114.33044434  -48.8694725 ],[-132.53649902  -48.87037659],[-151.55780029  -48.86673737],0.5793255731793412,0.2315245729579598,1.3464272470319829e-05,0.7154868156245356
235,18.19077302961297,18.225509665414286,18.948852938554037,[-96.11608124 -48.870327  ],[-114.30685425  -48.86948776],[-132.53236389  -48.8703804 ],[-151.48121643  -48.86648941],0.8789940426656183,0.2552379064646104,0.08755637627382522,0.7323243649473505
236,18.196205170063035,18.25766756542478,18.870865302203427,[-96.0786438  -48.87050629],[-114.27484894  -48.8694458 ],[-132.53251648  -48.8703804 ],[-151.40338135  -48.86633301],0.00024370246390310513,0.38117724942501063,2.6053655907048753e-05,0.7524028535158547
237,18.193809556326816,18.255920448457225,18.794708701828363,[-96.07866669 -48.87050629],[-114.2724762   -48.86919785],[-132.52839661  -48.8703804 ],[-151.32310486  -48.86626816],4.7306439798517494e-05,1.9346920188234764e-05,0.058820506372779476,0.7654226002836051
238,18.189704942354425,18.24649815054907,18.728378780624453,[-96.07861328 -48.87050629],[-114.26831818  -48.86919403],[-132.51481628  -48.87044144],[-151.24319458  -48.86618042],4.997994195374546e-05,0.030592108444230024,0.22083869255692784,0.7506034898089394
239,18.17408757629915,18.262291000646535,18.650162262704278,[-96.07683563 -48.87050629],[-114.25092316  -48.869133  ],[-132.51321411  -48.87042999],[-151.16337585  -48.86602783],0.09075132254681167,0.2206800876052051,1.179009134184694e-05,0.7606429310075584
240,18.184906059456473,18.260231064399644,18.64140371622639,[-96.06426239 -48.87052536],[-114.2491684   -48.86912918],[-132.50939941  -48.87042999],[-151.15080261  -48.86603546],0.2703511969154861,9.025897059461018e-06,0.08467108645195111,2.0667233798938753e-05
241,18.223648119640938,18.26445011956472,18.636063140202953,[-96.02151489 -48.8704567 ],[-114.24516296  -48.86912918],[-132.50961304  -48.87042999],[-151.14567566  -48.86603546],0.5841056761907335,0.08658271609170144,4.515040577550994e-06,0.06474974572585551
242,18.28800204084861,18.272094776463398,18.638824980946488,[-95.9451828 -48.8700676],[-114.23318481  -48.86907959],[-132.50527954  -48.87042999],[-151.144104    -48.86603546],0.9444089810423272,0.14486705598163374,0.09054975922549936,5.3272351872837116e-05
243,18.29570009319652,18.28682713614261,18.64602711135887,[-95.91196442 -48.86987305],[-114.20766449  -48.86901855],[-132.49449158  -48.8703537 ],[-151.14051819  -48.86603546],0.00021635970187176804,0.3441988995527871,0.13771530679612665,0.09166478426462256
244,18.29393007278624,18.271163987007185,18.65153554115321,[-95.9119873  -48.86987305],[-114.20591736  -48.86903763],[-132.4770813   -48.87034225],[-151.12861633  -48.8659935 ],4.843387772373231e-05,1.907231025026879e-05,0.2143090490504472,0.20711843973095792
245,18.28946687699011,18.250000048282057,18.657990022175802,[-95.9119339  -48.86987305],[-114.20140076  -48.86903763],[-132.45140076  -48.87036514],[-151.10939026  -48.86595917],4.873453979390369e-05,0.08426415052963519,0.273060972430808,0.267436899631745
246,18.28876497269397,18.223838851764825,18.659134426829514,[-95.91189575 -48.86987305],[-114.20066071  -48.86903763],[-132.42449951  -48.870327  ],[-151.08363342  -48.86594009],2.9642447233509255e-05,5.3332059607006805e-06,0.2745155770075336,0.3398228378843826
247,18.28296663285627,18.196891821377445,18.655396003186862,[-95.91288757 -48.86987305],[-114.19585419  -48.86903763],[-132.39274597  -48.87019348],[-151.04814148  -48.86589432],0.003167603681782491,0.08284759931424433,0.3242791446439256,0.4268502431536338
248,18.27090455976771,18.173439065604843,18.651779721661082,[-95.90927887 -48.86987305],[-114.18018341  -48.86904526],[-132.35362244  -48.87024689],[-151.00540161  -48.86573029],0.16746025956060268,0.17116350066594957,0.41387140584122173,0.49926777867029304
249,18.28203584778466,18.155723607845097,18.642868589109973,[-95.87548828 -48.86988068],[-114.15752411  -48.86902237],[-132.31324768  -48.87016678],[-150.95611572  -48.86565018],0.46859272555789583,0.23556536045913196,0.36211986634326065,0.5497995828871273
250,18.254936233417524,18.148323101689808,18.628037088029558,[-95.87001038 -48.86981201],[-114.12494659  -48.86906815],[-132.27326965  -48.87031174],[-150.90130615  -48.86562729],4.9284733077243004e-05,0.36545694226385295,0.45194514643208095,0.5911633365421641
251,18.250877395842824,18.148887683388057,18.57113709168604,[-95.87001038 -48.86981201],[-114.12088776  -48.86906052],[-132.26977539  -48.87039566],[-150.84091187  -48.86560822],1.6833312891670835e-05,2.626797788129249e-05,6.235026575049285e-06,0.6415638161046064
